NAME : null
NBR_NODES : 50
NBR_EDGES : 576
T : 177.63596349620212
# NODE: i x_i y_i b_i g_i s_i
# x_i, y_i : x, y of node i
# b_i : demand of node_i, <0 for depot, >0 for client, =0 for platforms
# g_i : cost for using node i, >0 only for platforms
# s_i : time for crossing node _i, >0 only for platforms
NODE: 1 10 10 -13 0.0 0.0
NODE: 2 10 20 -8 0.0 0.0
NODE: 3 10 30 -13 0.0 0.0
NODE: 4 10 40 -11 0.0 0.0
NODE: 5 10 50 -21 0.0 0.0
NODE: 6 10 60 -13 0.0 0.0
NODE: 7 10 70 -15 0.0 0.0
NODE: 8 10 80 -17 0.0 0.0
NODE: 9 10 90 -8 0.0 0.0
NODE: 10 10 100 -8 0.0 0.0
NODE: 11 10 110 -13 0.0 0.0
NODE: 12 10 120 -10 0.0 0.0
NODE: 13 10 130 -20 0.0 0.0
NODE: 14 10 140 -22 0.0 0.0
NODE: 15 10 150 -16 0.0 0.0
NODE: 16 10 160 -22 0.0 0.0
NODE: 17 50 10 0 58.506386444377156 1.0
NODE: 18 50 20 0 32.734255726194135 1.0
NODE: 19 50 30 0 70.6976020864793 1.0
NODE: 20 50 40 0 88.55604095288143 1.0
NODE: 21 50 50 0 70.06502782930991 1.0
NODE: 22 50 60 0 91.45098534711884 1.0
NODE: 23 50 70 0 97.22044546096313 1.0
NODE: 24 50 80 0 64.2936453457038 1.0
NODE: 25 50 90 0 95.77632912587694 1.0
NODE: 26 50 100 0 45.22002000658119 1.0
NODE: 27 50 110 0 15.15438799015 1.0
NODE: 28 50 120 0 59.81951576705683 1.0
NODE: 29 50 130 0 25.727009255306356 1.0
NODE: 30 50 140 0 76.31363753856287 1.0
NODE: 31 50 150 0 29.427863917969454 1.0
NODE: 32 50 160 0 31.64773650044118 1.0
NODE: 33 50 170 0 18.93870221761142 1.0
NODE: 34 50 180 0 53.42410520613766 1.0
NODE: 35 100 10 10 0.0 0.0
NODE: 36 100 20 18 0.0 0.0
NODE: 37 100 30 12 0.0 0.0
NODE: 38 100 40 21 0.0 0.0
NODE: 39 100 50 10 0.0 0.0
NODE: 40 100 60 17 0.0 0.0
NODE: 41 100 70 12 0.0 0.0
NODE: 42 100 80 17 0.0 0.0
NODE: 43 100 90 14 0.0 0.0
NODE: 44 100 100 14 0.0 0.0
NODE: 45 100 110 16 0.0 0.0
NODE: 46 100 120 11 0.0 0.0
NODE: 47 100 130 12 0.0 0.0
NODE: 48 100 140 8 0.0 0.0
NODE: 49 100 150 22 0.0 0.0
NODE: 50 100 160 16 0.0 0.0
# EDGE: k i j u_ij c_ij h_ij t_ij
# i : starting node of edge k
# j : ending node of edge k
# u_ij : capacity of edge (i,j)
# c_ij : fixed cost for the use of (i,j)
# h_ij : unit cost for (i,j)
# t_ij : delivery time for (i,j)
EDGE: 1 1 17 0 27.771162086139686 18.04606583226387 1.0
EDGE: 2 1 18 0 12.829830408792638 6.604945846059768 1.0
EDGE: 3 1 19 0 60.40361740470406 2.5601972890442855 1.0
EDGE: 4 1 20 0 84.477892742166 7.292578422748017 1.0
EDGE: 5 1 21 0 63.58776959864243 5.50215613897393 1.0
EDGE: 6 1 22 0 58.68476404836637 3.0012670986182037 1.0
EDGE: 7 1 23 0 66.90178576786107 3.0860447408995992 1.0
EDGE: 8 1 24 0 71.31808306809384 16.661044700933047 1.0
EDGE: 9 1 25 0 16.562100334783615 14.94676993099795 1.0
EDGE: 10 1 26 0 38.88902028598428 1.473919480042615 1.0
EDGE: 11 1 27 0 47.23109861269751 19.160971356204985 1.0
EDGE: 12 1 28 0 88.64274114288342 1.583208083957599 1.0
EDGE: 13 1 29 0 17.548553924402984 1.0715980336695543 1.0
EDGE: 14 1 30 0 73.2515157238171 10.028940833119313 1.0
EDGE: 15 1 31 0 94.26962499289036 9.818477621684735 1.0
EDGE: 16 1 32 0 11.243320703051735 17.7666821174782 1.0
EDGE: 17 1 33 0 52.39224077761476 6.227222675209293 1.0
EDGE: 18 1 34 2600 76.79870187885399 11.277111356871574 1.0
EDGE: 19 2 17 0 21.15667344312351 12.458822759824995 1.0
EDGE: 20 2 18 0 45.04875984315055 4.043705223396758 1.0
EDGE: 21 2 19 0 28.300123280844236 14.572254381432336 1.0
EDGE: 22 2 20 0 11.507031812562325 1.9258686901859243 1.0
EDGE: 23 2 21 0 37.44910621250491 4.902464258898863 1.0
EDGE: 24 2 22 0 86.76810735558072 16.20485348186331 1.0
EDGE: 25 2 23 0 36.03249250642741 4.906065116575267 1.0
EDGE: 26 2 24 0 30.105766465062217 14.829813897628606 1.0
EDGE: 27 2 25 0 23.597966548046028 8.87708437686309 1.0
EDGE: 28 2 26 0 78.10348508688362 11.141339856296497 1.0
EDGE: 29 2 27 0 42.914750260921956 2.685116962436862 1.0
EDGE: 30 2 28 0 16.950079790127923 19.099810763989773 1.0
EDGE: 31 2 29 0 58.74540360550194 7.438216501180183 1.0
EDGE: 32 2 30 0 49.53334808903126 7.79591557469617 1.0
EDGE: 33 2 31 0 51.66948909605497 7.722880531830531 1.0
EDGE: 34 2 32 0 10.964474090404554 11.77068137033707 1.0
EDGE: 35 2 33 0 86.84193589125944 8.823460181244457 1.0
EDGE: 36 2 34 1600 78.66605798841667 7.4223573877296145 1.0
EDGE: 37 3 17 0 50.068909844890335 16.07335118532724 1.0
EDGE: 38 3 18 0 25.65652365775102 6.527492713820416 1.0
EDGE: 39 3 19 0 26.084000261645098 19.24029601673352 1.0
EDGE: 40 3 20 0 28.163780971933317 5.653556133743754 1.0
EDGE: 41 3 21 0 66.40753041511027 12.598156397920441 1.0
EDGE: 42 3 22 0 31.200905815021628 4.990439042742073 1.0
EDGE: 43 3 23 0 96.67182738334084 10.087486387343054 1.0
EDGE: 44 3 24 0 98.23667887418713 10.878190614306803 1.0
EDGE: 45 3 25 0 15.795220037575906 19.717257814638728 1.0
EDGE: 46 3 26 0 53.593775015123406 17.058317217232343 1.0
EDGE: 47 3 27 0 61.88763493772767 3.110078020301495 1.0
EDGE: 48 3 28 0 78.70743292842451 2.4260044754082872 1.0
EDGE: 49 3 29 0 12.270542206360712 2.843246437935 1.0
EDGE: 50 3 30 0 75.87741763598959 6.810594670847853 1.0
EDGE: 51 3 31 0 37.49411778203773 16.987991814878303 1.0
EDGE: 52 3 32 0 45.646061959697604 9.061668682310595 1.0
EDGE: 53 3 33 0 21.73440161639077 2.999233070267464 1.0
EDGE: 54 3 34 2600 56.43524580951545 1.4680743614843674 1.0
EDGE: 55 4 17 0 34.453265242166076 17.858211107207364 1.0
EDGE: 56 4 18 0 27.575069218431906 13.287243602594117 1.0
EDGE: 57 4 19 0 70.7040252735435 12.120330755968858 1.0
EDGE: 58 4 20 0 19.357089380768656 11.91214864262535 1.0
EDGE: 59 4 21 0 79.9654807267087 16.270560023324663 1.0
EDGE: 60 4 22 0 36.24488767954474 13.953230646562819 1.0
EDGE: 61 4 23 0 65.88722614468126 18.538730496453127 1.0
EDGE: 62 4 24 0 81.8748027612809 2.2626529551257035 1.0
EDGE: 63 4 25 0 61.82901774382442 16.077078290666584 1.0
EDGE: 64 4 26 0 56.97964727644348 9.678220401500688 1.0
EDGE: 65 4 27 0 79.57701305008388 4.152374910273593 1.0
EDGE: 66 4 28 0 13.868188688077364 13.014306457476799 1.0
EDGE: 67 4 29 0 61.11973030926343 14.754988685881099 1.0
EDGE: 68 4 30 0 43.59325267051522 7.5771337207533795 1.0
EDGE: 69 4 31 0 65.86647773139796 16.777220353443536 1.0
EDGE: 70 4 32 0 84.4412234657421 10.231752193484633 1.0
EDGE: 71 4 33 0 48.191133051697136 7.663258109878926 1.0
EDGE: 72 4 34 2200 52.875770885555674 9.798056192318064 1.0
EDGE: 73 5 17 100 42.68402547977624 4.183094719631763 1.0
EDGE: 74 5 18 100 90.56861252526643 2.303187879016085 1.0
EDGE: 75 5 19 700 66.99477705031939 5.732752148563765 1.0
EDGE: 76 5 20 400 23.650130818793933 6.367666411624625 1.0
EDGE: 77 5 21 100 64.64889635057867 8.313151628038325 1.0
EDGE: 78 5 22 500 32.812642101515344 15.752591129961178 1.0
EDGE: 79 5 23 600 52.72093134643526 19.089984959534906 1.0
EDGE: 80 5 24 600 55.39914200458809 2.8452584831912664 1.0
EDGE: 81 5 25 300 31.747013845009533 7.186914345581947 1.0
EDGE: 82 5 26 700 53.110347816431684 15.610538989850248 1.0
EDGE: 83 5 27 500 47.75958555173931 16.114460662614434 1.0
EDGE: 84 5 28 400 61.462818549194154 16.28535804334941 1.0
EDGE: 85 5 29 700 98.82713490715241 2.9869141149131266 1.0
EDGE: 86 5 30 800 39.6310062029485 7.843620766198867 1.0
EDGE: 87 5 31 600 50.98175678947692 19.4296111888351 1.0
EDGE: 88 5 32 200 11.806016953787795 11.008931379354753 1.0
EDGE: 89 5 33 700 20.91732202352304 4.828926710400838 1.0
EDGE: 90 5 34 900 23.703918994758155 10.342443467775308 1.0
EDGE: 91 6 17 0 85.34111773229507 6.327323368276254 1.0
EDGE: 92 6 18 0 90.35638983739545 11.683190051422041 1.0
EDGE: 93 6 19 0 89.36171797912448 10.715796605015413 1.0
EDGE: 94 6 20 0 63.816532426730106 15.96823423118256 1.0
EDGE: 95 6 21 0 78.7959329962898 3.1260667231914177 1.0
EDGE: 96 6 22 0 91.91265354807825 4.2099869124136475 1.0
EDGE: 97 6 23 0 13.777638692706766 17.1748579495747 1.0
EDGE: 98 6 24 0 21.682847960080863 14.158032234020224 1.0
EDGE: 99 6 25 0 53.551299197384395 2.962607385641181 1.0
EDGE: 100 6 26 0 83.62315692187573 13.92280734732977 1.0
EDGE: 101 6 27 0 24.83298346067854 9.07894995781591 1.0
EDGE: 102 6 28 0 85.38215863046119 4.588478163605053 1.0
EDGE: 103 6 29 0 38.62171750378542 1.5173213048074654 1.0
EDGE: 104 6 30 0 36.034771976629415 9.592355307917222 1.0
EDGE: 105 6 31 0 12.843947186968798 15.151024290755664 1.0
EDGE: 106 6 32 0 14.568098278467563 12.398195437247892 1.0
EDGE: 107 6 33 0 20.713959121933506 8.173099241254373 1.0
EDGE: 108 6 34 2600 88.71210587013375 3.7407291877606346 1.0
EDGE: 109 7 17 0 77.19304733933183 10.652347413119884 1.0
EDGE: 110 7 18 0 32.74799226318966 19.468764165014193 1.0
EDGE: 111 7 19 0 68.43025254969581 4.107844539062906 1.0
EDGE: 112 7 20 0 55.42700126555436 16.764197022445252 1.0
EDGE: 113 7 21 0 11.567477031483389 18.754295232183907 1.0
EDGE: 114 7 22 0 81.63253581033179 11.264292526482192 1.0
EDGE: 115 7 23 0 44.79178924403899 8.820566365499147 1.0
EDGE: 116 7 24 0 13.918371372218525 9.364559831469784 1.0
EDGE: 117 7 25 0 20.017748691798765 2.093745256781035 1.0
EDGE: 118 7 26 0 92.55577116116133 15.729578058764012 1.0
EDGE: 119 7 27 0 33.082524233853555 17.591066577922465 1.0
EDGE: 120 7 28 0 45.222336804718175 1.789112586498423 1.0
EDGE: 121 7 29 0 98.83666519894675 10.012054810035922 1.0
EDGE: 122 7 30 0 59.965382968299444 10.746864376670011 1.0
EDGE: 123 7 31 0 81.01330319388587 9.373217811396238 1.0
EDGE: 124 7 32 0 67.57267297750404 9.379198417560115 1.0
EDGE: 125 7 33 0 19.258604402862126 1.9776438403179513 1.0
EDGE: 126 7 34 3000 51.98330858559305 13.651192617211118 1.0
EDGE: 127 8 17 0 28.206303239284708 15.6218400066137 1.0
EDGE: 128 8 18 0 79.8715874809868 12.927354216901582 1.0
EDGE: 129 8 19 0 45.9791029494593 2.692160954698849 1.0
EDGE: 130 8 20 0 23.036658558201932 1.3043435031693327 1.0
EDGE: 131 8 21 0 91.99977604137413 12.55316504418358 1.0
EDGE: 132 8 22 0 49.73077714772588 11.343052312008195 1.0
EDGE: 133 8 23 0 96.49476690172956 9.380249520677264 1.0
EDGE: 134 8 24 0 13.558952006767067 12.227377528470987 1.0
EDGE: 135 8 25 0 96.5731113695636 7.338900385474998 1.0
EDGE: 136 8 26 0 31.082836557797208 14.127036084377231 1.0
EDGE: 137 8 27 0 86.2634870289976 2.7629068996797814 1.0
EDGE: 138 8 28 0 61.761651482958136 3.2917646301399044 1.0
EDGE: 139 8 29 0 90.39220831890245 4.73388280167661 1.0
EDGE: 140 8 30 0 16.362946234248778 2.154246561261798 1.0
EDGE: 141 8 31 0 64.68497016372552 14.214434405800835 1.0
EDGE: 142 8 32 0 52.476034176774355 2.4691105664430175 1.0
EDGE: 143 8 33 0 56.975166963771535 15.637326862584052 1.0
EDGE: 144 8 34 3400 18.260893502271987 18.2653463506319 1.0
EDGE: 145 9 17 0 96.90158059089406 11.602983793783812 1.0
EDGE: 146 9 18 0 88.0653545485973 16.139476179080617 1.0
EDGE: 147 9 19 0 23.978278309487663 3.0876694591649474 1.0
EDGE: 148 9 20 0 66.04339449613289 17.166834549106216 1.0
EDGE: 149 9 21 0 26.41949214051344 12.314697020339619 1.0
EDGE: 150 9 22 0 76.40732721974318 4.458289114738157 1.0
EDGE: 151 9 23 0 75.60234003446327 3.1910037065330505 1.0
EDGE: 152 9 24 0 71.4467394420877 16.13975672812446 1.0
EDGE: 153 9 25 0 63.55015835933845 14.961439137241676 1.0
EDGE: 154 9 26 0 20.946929450961623 10.28185126190327 1.0
EDGE: 155 9 27 0 43.319286623533074 12.483110013188165 1.0
EDGE: 156 9 28 0 59.1397377479537 5.057009290555233 1.0
EDGE: 157 9 29 0 84.67209606792198 6.272124174636325 1.0
EDGE: 158 9 30 0 67.81949839844827 14.151439496410553 1.0
EDGE: 159 9 31 0 89.91910908201406 12.225079928129972 1.0
EDGE: 160 9 32 0 86.75698770976885 5.20923494183559 1.0
EDGE: 161 9 33 0 27.312966880305424 14.667638686082658 1.0
EDGE: 162 9 34 1600 85.04415734553554 18.835998461664776 1.0
EDGE: 163 10 17 0 71.87711854523172 6.132534323017009 1.0
EDGE: 164 10 18 0 79.50245138952496 1.4393156458887661 1.0
EDGE: 165 10 19 0 76.05199222561497 11.019352338244447 1.0
EDGE: 166 10 20 0 78.78755280515107 11.93342948881241 1.0
EDGE: 167 10 21 0 65.04150215098873 5.0384326534671695 1.0
EDGE: 168 10 22 0 74.32333801673538 4.085454430597131 1.0
EDGE: 169 10 23 0 54.24266767339932 8.091228993532127 1.0
EDGE: 170 10 24 0 51.69788841144646 6.03047211783578 1.0
EDGE: 171 10 25 0 28.641193303200534 5.989480235990191 1.0
EDGE: 172 10 26 0 18.654318042061867 3.232858075518048 1.0
EDGE: 173 10 27 0 46.55578930320131 7.165527102373374 1.0
EDGE: 174 10 28 0 68.30929784538813 13.921179210496957 1.0
EDGE: 175 10 29 0 92.61406638498165 13.276125471573376 1.0
EDGE: 176 10 30 0 68.73202425710392 14.774005817934334 1.0
EDGE: 177 10 31 0 47.34280351775183 10.352095775358666 1.0
EDGE: 178 10 32 0 32.51649845626437 6.383985230448352 1.0
EDGE: 179 10 33 0 73.25542038191327 15.896153386166961 1.0
EDGE: 180 10 34 1600 82.47988624845628 18.77751582680494 1.0
EDGE: 181 11 17 0 29.81944878383026 13.081264694968459 1.0
EDGE: 182 11 18 0 32.119791963781694 14.017370380169606 1.0
EDGE: 183 11 19 0 62.18680975353805 6.951871099677138 1.0
EDGE: 184 11 20 0 61.96326801118303 8.665607038078303 1.0
EDGE: 185 11 21 0 31.069738251105676 5.2803263097105795 1.0
EDGE: 186 11 22 0 35.440343173868314 2.634117338827042 1.0
EDGE: 187 11 23 0 63.645146780677834 16.480888479370485 1.0
EDGE: 188 11 24 0 60.41491609778312 8.70015026424402 1.0
EDGE: 189 11 25 0 27.870230275331096 9.733613566571604 1.0
EDGE: 190 11 26 0 65.00579906954434 6.714159893250521 1.0
EDGE: 191 11 27 0 75.09215652539649 15.220491854274286 1.0
EDGE: 192 11 28 0 48.83073372534921 12.277316080857524 1.0
EDGE: 193 11 29 0 98.33462238515993 15.126170209000545 1.0
EDGE: 194 11 30 0 83.30620469096219 17.416028416663806 1.0
EDGE: 195 11 31 0 26.1441139956216 2.805610365889703 1.0
EDGE: 196 11 32 0 57.13584261944136 2.5308173666222835 1.0
EDGE: 197 11 33 0 14.378657293196545 3.2710149144741063 1.0
EDGE: 198 11 34 2600 85.6202379328417 14.646887806776473 1.0
EDGE: 199 12 17 0 70.82190441811227 4.90037906048766 1.0
EDGE: 200 12 18 0 94.92098556830346 7.743740693027219 1.0
EDGE: 201 12 19 0 20.00533625741498 4.019999696326661 1.0
EDGE: 202 12 20 0 84.91175454212052 19.691168307920417 1.0
EDGE: 203 12 21 0 18.12140729032547 7.763293485229306 1.0
EDGE: 204 12 22 0 76.74921939600367 11.06897831310497 1.0
EDGE: 205 12 23 0 50.41045655675229 16.3582627114059 1.0
EDGE: 206 12 24 0 33.79664264526749 6.897790774402389 1.0
EDGE: 207 12 25 0 15.90417269522493 10.74595734528241 1.0
EDGE: 208 12 26 0 67.0329338937679 9.058248716623334 1.0
EDGE: 209 12 27 0 46.90844827044309 14.182272217650505 1.0
EDGE: 210 12 28 0 88.579996863543 6.9259876491217165 1.0
EDGE: 211 12 29 0 13.108421394988362 16.2254261947153 1.0
EDGE: 212 12 30 0 79.48117592238708 19.499711555712167 1.0
EDGE: 213 12 31 0 62.67852712490163 8.26146663622592 1.0
EDGE: 214 12 32 0 90.36360464013138 12.049712154718684 1.0
EDGE: 215 12 33 0 25.28035730422492 4.470142489654384 1.0
EDGE: 216 12 34 2000 16.11729008508565 10.064179913707378 1.0
EDGE: 217 13 17 900 24.331165419808144 2.8834885948027074 1.0
EDGE: 218 13 18 100 18.223729356443542 16.02064914555143 1.0
EDGE: 219 13 19 100 78.42579435435958 16.939467524585396 1.0
EDGE: 220 13 20 700 60.866869935881994 4.259921565111221 1.0
EDGE: 221 13 21 900 94.29487499842921 8.68301082856209 1.0
EDGE: 222 13 22 800 19.459236505695316 7.989811907227006 1.0
EDGE: 223 13 23 100 56.18208500869152 15.516803598429968 1.0
EDGE: 224 13 24 600 42.716024417305725 13.196057578769679 1.0
EDGE: 225 13 25 600 59.02328952167941 7.154156911710292 1.0
EDGE: 226 13 26 700 61.909992515775 5.9877386351064725 1.0
EDGE: 227 13 27 100 35.31037523856005 2.1763119312776773 1.0
EDGE: 228 13 28 500 63.43994410477059 11.654551894020571 1.0
EDGE: 229 13 29 100 38.02258158519345 9.346516677940645 1.0
EDGE: 230 13 30 500 63.34561869932716 6.46327882407306 1.0
EDGE: 231 13 31 800 74.50816249128904 9.583224208358176 1.0
EDGE: 232 13 32 300 94.90180950239461 5.9707976738146264 1.0
EDGE: 233 13 33 300 38.69916975240808 9.244752224573592 1.0
EDGE: 234 13 34 700 92.92452053533454 11.380975656687589 1.0
EDGE: 235 14 17 300 41.54217207261193 10.12774732657025 1.0
EDGE: 236 14 18 900 30.921972323385504 13.22279434768524 1.0
EDGE: 237 14 19 900 22.027751042923036 12.331802286231252 1.0
EDGE: 238 14 20 700 59.72325866687122 9.377041133827504 1.0
EDGE: 239 14 21 100 63.70153920308414 18.8925626176171 1.0
EDGE: 240 14 22 700 58.717485527396 18.228921431691163 1.0
EDGE: 241 14 23 800 74.03964881785726 15.835676059701628 1.0
EDGE: 242 14 24 400 13.33620327698104 15.473924938736742 1.0
EDGE: 243 14 25 800 26.57130680676707 1.0539177074544552 1.0
EDGE: 244 14 26 300 44.911918412385006 12.854301905719652 1.0
EDGE: 245 14 27 500 98.13146198060308 7.159843982727081 1.0
EDGE: 246 14 28 800 21.545534204040656 7.853477459169476 1.0
EDGE: 247 14 29 200 56.126243726049175 11.216313418589072 1.0
EDGE: 248 14 30 100 51.115504370194515 13.125764915861104 1.0
EDGE: 249 14 31 500 63.19402957457572 8.997219945836864 1.0
EDGE: 250 14 32 800 30.06152845856131 18.188706542944697 1.0
EDGE: 251 14 33 200 49.14496391658892 4.180783308689994 1.0
EDGE: 252 14 34 100 44.07558710767746 6.655397467900021 1.0
EDGE: 253 15 17 0 42.56172217734636 9.627738476249506 1.0
EDGE: 254 15 18 0 19.333159951862775 5.034127845350601 1.0
EDGE: 255 15 19 0 96.94435668066336 10.646767968928168 1.0
EDGE: 256 15 20 0 15.39738746160074 10.872691765290668 1.0
EDGE: 257 15 21 0 88.78201650526226 15.89952477042955 1.0
EDGE: 258 15 22 0 53.42903892926167 13.774707494349418 1.0
EDGE: 259 15 23 0 47.43434738493769 3.3475819586288442 1.0
EDGE: 260 15 24 0 15.83507672572626 4.565286634446142 1.0
EDGE: 261 15 25 0 79.20541827212271 10.393660831202398 1.0
EDGE: 262 15 26 0 85.9886260642057 5.633403160707168 1.0
EDGE: 263 15 27 0 50.492949100072856 14.119475782774346 1.0
EDGE: 264 15 28 0 59.15317191277167 8.228301763291572 1.0
EDGE: 265 15 29 0 27.395670940551046 12.272542188547018 1.0
EDGE: 266 15 30 0 18.243790280235885 11.237291783482606 1.0
EDGE: 267 15 31 0 61.66163801923159 17.40428993957555 1.0
EDGE: 268 15 32 0 30.558233505235506 18.722267159618934 1.0
EDGE: 269 15 33 0 95.36028054091413 4.311829309336425 1.0
EDGE: 270 15 34 3200 54.11066135046231 10.242298814783739 1.0
EDGE: 271 16 17 700 59.16103991499009 7.685705143381938 1.0
EDGE: 272 16 18 300 94.70087575337054 16.73964372397361 1.0
EDGE: 273 16 19 700 81.60136929828232 1.6159946869531732 1.0
EDGE: 274 16 20 400 47.35180074388213 2.516513270517395 1.0
EDGE: 275 16 21 200 29.226935010730134 14.359082918928031 1.0
EDGE: 276 16 22 300 28.248100919693695 18.579941024197062 1.0
EDGE: 277 16 23 900 49.98682118705576 5.517462071754048 1.0
EDGE: 278 16 24 500 45.8086846835698 14.382104017284275 1.0
EDGE: 279 16 25 600 34.766555114973706 6.534903786528671 1.0
EDGE: 280 16 26 700 42.0259366829125 10.733425901379134 1.0
EDGE: 281 16 27 800 74.44175227031754 4.159338550189136 1.0
EDGE: 282 16 28 900 97.70450008729154 11.415823847121493 1.0
EDGE: 283 16 29 600 52.33521928676567 1.2757961017327486 1.0
EDGE: 284 16 30 600 77.73238407734317 4.773425446245845 1.0
EDGE: 285 16 31 600 44.46029308342078 10.261741879112801 1.0
EDGE: 286 16 32 500 85.01725406109632 12.308112240292044 1.0
EDGE: 287 16 33 100 72.43326578731251 4.767160220949309 1.0
EDGE: 288 16 34 100 54.22068200279019 13.057225903153974 1.0
EDGE: 289 17 35 500 26.43767702683967 12.571722367481396 1.0
EDGE: 290 17 36 500 78.92318956980893 14.280787048410014 1.0
EDGE: 291 17 37 200 58.12330244610149 4.921386435874766 1.0
EDGE: 292 17 38 300 28.352887634335566 11.735562263934282 1.0
EDGE: 293 17 39 400 55.822647508776754 2.4967746339237005 1.0
EDGE: 294 17 40 100 92.31052404823075 5.5633334500024 1.0
EDGE: 295 17 41 0 76.96776135990284 5.915665402671879 1.0
EDGE: 296 17 42 300 45.42376401485816 14.57070350621948 1.0
EDGE: 297 17 43 0 35.090175120347745 9.421949574139347 1.0
EDGE: 298 17 44 400 84.36349016592919 17.427786639481724 1.0
EDGE: 299 17 45 0 21.286781393984064 19.16339347243807 1.0
EDGE: 300 17 46 500 84.15497818304445 1.0631307865973447 1.0
EDGE: 301 17 47 100 52.534482831686645 2.210551674216976 1.0
EDGE: 302 17 48 100 82.21669819163057 16.282204993625776 1.0
EDGE: 303 17 49 0 41.736386969580145 1.219171932035854 1.0
EDGE: 304 17 50 100 51.25962257738365 12.386809579516193 1.0
EDGE: 305 18 35 100 86.88239731388232 8.388439081878923 1.0
EDGE: 306 18 36 100 14.679799170096747 6.322740085810841 1.0
EDGE: 307 18 37 200 29.206990630262354 14.117398881236065 1.0
EDGE: 308 18 38 400 50.57703490571357 6.633057035991994 1.0
EDGE: 309 18 39 0 42.72699621189496 4.511909306767712 1.0
EDGE: 310 18 40 500 23.032479086337005 10.244300575216764 1.0
EDGE: 311 18 41 600 80.04220128229454 9.644456152711474 1.0
EDGE: 312 18 42 100 71.7779426318554 14.862999041236925 1.0
EDGE: 313 18 43 300 71.78157751999031 5.2191856968046535 1.0
EDGE: 314 18 44 300 33.88974177236311 13.509807281344305 1.0
EDGE: 315 18 45 600 99.57795219057438 7.044488868343204 1.0
EDGE: 316 18 46 500 43.63990592779925 18.46862617267637 1.0
EDGE: 317 18 47 600 54.95394100140802 18.465490959200544 1.0
EDGE: 318 18 48 600 79.13752548348856 14.678044115358736 1.0
EDGE: 319 18 49 100 29.001933307457808 8.658779472133393 1.0
EDGE: 320 18 50 600 26.893094630710056 13.342439923131474 1.0
EDGE: 321 19 35 500 90.24097695839816 9.441721457538462 1.0
EDGE: 322 19 36 300 57.938621628216104 1.290101895478112 1.0
EDGE: 323 19 37 400 20.533337992750248 4.998714399430662 1.0
EDGE: 324 19 38 500 51.636355618857344 4.355693294437154 1.0
EDGE: 325 19 39 500 51.44357509311884 15.676708270386634 1.0
EDGE: 326 19 40 400 65.80890436889285 12.814418019187782 1.0
EDGE: 327 19 41 600 65.92292881873058 2.7523474877383403 1.0
EDGE: 328 19 42 200 94.32360078132024 15.645225903056602 1.0
EDGE: 329 19 43 100 62.701840718901956 4.823077327251005 1.0
EDGE: 330 19 44 500 75.76387981031226 15.150403923302438 1.0
EDGE: 331 19 45 100 23.273411060819434 9.224552909492807 1.0
EDGE: 332 19 46 300 59.32051893422892 12.208892606765046 1.0
EDGE: 333 19 47 600 43.850621674648664 16.626700836010862 1.0
EDGE: 334 19 48 600 96.53554069466556 14.190675478906002 1.0
EDGE: 335 19 49 0 87.18011186223517 1.7107737139363168 1.0
EDGE: 336 19 50 100 80.03157882648226 8.30958551084177 1.0
EDGE: 337 20 35 600 81.5953519773244 9.579742125252933 1.0
EDGE: 338 20 36 600 42.859540684440205 18.941868626040442 1.0
EDGE: 339 20 37 100 37.191987200861654 5.30436725213359 1.0
EDGE: 340 20 38 300 14.597361456419964 11.187850344697578 1.0
EDGE: 341 20 39 100 51.50821020089708 10.7572974405298 1.0
EDGE: 342 20 40 500 82.83267415166783 15.704052280831204 1.0
EDGE: 343 20 41 600 99.5929291656859 3.637537717421016 1.0
EDGE: 344 20 42 600 71.16219957122489 18.58309508552223 1.0
EDGE: 345 20 43 500 65.84458252343453 8.33762605931964 1.0
EDGE: 346 20 44 400 67.34067287290988 19.808737524122016 1.0
EDGE: 347 20 45 300 47.50338628329781 15.055868966464356 1.0
EDGE: 348 20 46 600 87.7121250196078 3.5633946510997627 1.0
EDGE: 349 20 47 0 82.17984318285382 14.305978492398518 1.0
EDGE: 350 20 48 0 66.55631359501109 5.41547556888442 1.0
EDGE: 351 20 49 200 94.30230695273627 1.7264475700917443 1.0
EDGE: 352 20 50 500 31.48313938047633 10.163887839643724 1.0
EDGE: 353 21 35 0 67.86644764745708 2.8420183832332384 1.0
EDGE: 354 21 36 500 78.50783848327711 7.867052009136658 1.0
EDGE: 355 21 37 0 25.369381178248084 1.1795790666836417 1.0
EDGE: 356 21 38 100 52.93978305715502 8.33376750757969 1.0
EDGE: 357 21 39 100 45.311337830701106 18.89083484949103 1.0
EDGE: 358 21 40 400 34.71768509931525 9.103276076322699 1.0
EDGE: 359 21 41 300 33.147608092602034 14.784100674023449 1.0
EDGE: 360 21 42 400 49.324030329798276 11.691866108690396 1.0
EDGE: 361 21 43 0 63.07365733854443 10.417552203156596 1.0
EDGE: 362 21 44 200 57.91153999013555 14.633360797881421 1.0
EDGE: 363 21 45 100 60.526160437211274 4.656286637460961 1.0
EDGE: 364 21 46 200 42.77449226108617 11.590834188086069 1.0
EDGE: 365 21 47 300 47.782788148759735 1.8455306790101635 1.0
EDGE: 366 21 48 500 26.797688395870047 8.566899295764157 1.0
EDGE: 367 21 49 400 37.54357885612454 8.502344657217279 1.0
EDGE: 368 21 50 600 68.01592007912758 2.9899119725608707 1.0
EDGE: 369 22 35 100 31.87667720625616 10.178162559858404 1.0
EDGE: 370 22 36 600 22.91668890985663 5.203433119630688 1.0
EDGE: 371 22 37 400 66.41126717013903 1.894511746932067 1.0
EDGE: 372 22 38 100 64.61904860015403 16.636295331384865 1.0
EDGE: 373 22 39 0 82.16050993135262 17.304261858224947 1.0
EDGE: 374 22 40 300 84.56135364507273 16.680615587505308 1.0
EDGE: 375 22 41 200 59.857304053737145 11.480737773887528 1.0
EDGE: 376 22 42 0 88.8307200118536 15.055097098458612 1.0
EDGE: 377 22 43 600 64.18566693853828 7.987047696061421 1.0
EDGE: 378 22 44 600 32.76704262409763 3.1809685767216727 1.0
EDGE: 379 22 45 100 47.790566420980916 13.627967014864396 1.0
EDGE: 380 22 46 200 79.97434233207737 3.847897951828186 1.0
EDGE: 381 22 47 500 97.44900352830317 7.036720391551821 1.0
EDGE: 382 22 48 300 44.37228110978306 5.197232057351243 1.0
EDGE: 383 22 49 200 27.285163849812268 7.999010508017341 1.0
EDGE: 384 22 50 400 36.42065505027607 6.7998960520276 1.0
EDGE: 385 23 35 500 36.41244591706851 11.166632093303653 1.0
EDGE: 386 23 36 500 37.14966701957142 11.35630877465283 1.0
EDGE: 387 23 37 100 30.885190079729007 9.563015854138285 1.0
EDGE: 388 23 38 600 16.12880396332359 9.295645954659573 1.0
EDGE: 389 23 39 0 92.34289548803758 15.033051820364776 1.0
EDGE: 390 23 40 400 72.00711469156724 8.301802240249895 1.0
EDGE: 391 23 41 500 98.22978152455306 6.539526398328772 1.0
EDGE: 392 23 42 0 96.75772587627978 12.54339458307135 1.0
EDGE: 393 23 43 100 30.972444415728308 7.958524200260808 1.0
EDGE: 394 23 44 300 17.25938873425631 13.13514760735246 1.0
EDGE: 395 23 45 100 15.99849151747009 7.776136728572034 1.0
EDGE: 396 23 46 500 70.34786127300322 18.1080098727336 1.0
EDGE: 397 23 47 200 50.978901993635425 7.838819215393491 1.0
EDGE: 398 23 48 500 49.96997556908264 2.9153381196832493 1.0
EDGE: 399 23 49 300 41.1769782766837 18.05974236778919 1.0
EDGE: 400 23 50 100 87.57315405292664 9.25250194576136 1.0
EDGE: 401 24 35 500 58.286649769932886 8.73348017741262 1.0
EDGE: 402 24 36 100 59.363241033359465 16.717243028838144 1.0
EDGE: 403 24 37 200 42.64299921560957 7.861380969720018 1.0
EDGE: 404 24 38 200 46.56339533093629 14.588140637724887 1.0
EDGE: 405 24 39 200 81.18777654090225 3.6399615774606966 1.0
EDGE: 406 24 40 600 67.30692701714254 2.7485213684729257 1.0
EDGE: 407 24 41 600 76.07272702031128 1.0146699732644264 1.0
EDGE: 408 24 42 500 21.296840892369058 16.533162440259865 1.0
EDGE: 409 24 43 600 71.28356495117791 15.951363182536674 1.0
EDGE: 410 24 44 600 90.86492879601961 9.025127196924329 1.0
EDGE: 411 24 45 500 97.16737207147592 4.827836326892581 1.0
EDGE: 412 24 46 200 64.56318746326306 18.080078042798434 1.0
EDGE: 413 24 47 300 35.24626063392735 16.097756272708956 1.0
EDGE: 414 24 48 400 31.92042346780261 5.105412395389762 1.0
EDGE: 415 24 49 500 28.20010919927293 1.1293378584406768 1.0
EDGE: 416 24 50 200 60.496814589098875 11.37156504326867 1.0
EDGE: 417 25 35 400 92.40116613575795 17.871104708837176 1.0
EDGE: 418 25 36 600 88.8692737207181 9.382818103320721 1.0
EDGE: 419 25 37 600 42.883345651469824 7.747085208637257 1.0
EDGE: 420 25 38 600 31.68037862327173 9.58496295664726 1.0
EDGE: 421 25 39 0 53.12904554475366 2.933779839875577 1.0
EDGE: 422 25 40 200 25.38376661224629 18.437163426252788 1.0
EDGE: 423 25 41 300 34.55626120792295 10.921249464451844 1.0
EDGE: 424 25 42 0 45.818691099517444 18.6253548080909 1.0
EDGE: 425 25 43 400 93.08884585661121 6.010666560098382 1.0
EDGE: 426 25 44 400 41.2466638892799 13.944528726412651 1.0
EDGE: 427 25 45 300 22.69269487274336 6.15066922368588 1.0
EDGE: 428 25 46 500 36.98292105087482 15.127247343334105 1.0
EDGE: 429 25 47 500 48.260716973965316 9.264868302103896 1.0
EDGE: 430 25 48 500 50.25555379131916 18.64572825834396 1.0
EDGE: 431 25 49 500 12.729329193823084 4.972847323094848 1.0
EDGE: 432 25 50 0 36.425115240214225 16.264843486107022 1.0
EDGE: 433 26 35 100 75.80936990148582 16.356999782275828 1.0
EDGE: 434 26 36 0 20.197521100509007 1.8733813510190709 1.0
EDGE: 435 26 37 0 74.21418226800594 17.177546148386522 1.0
EDGE: 436 26 38 0 47.96302356183961 3.870906901012161 1.0
EDGE: 437 26 39 500 25.76771345759621 11.68807868202336 1.0
EDGE: 438 26 40 500 69.894133426862 5.137573501213746 1.0
EDGE: 439 26 41 500 52.275424195708965 17.953971475262133 1.0
EDGE: 440 26 42 300 62.93523162582075 16.36422191776383 1.0
EDGE: 441 26 43 400 88.54083588748645 4.3260067802107995 1.0
EDGE: 442 26 44 400 98.31673635259197 3.2701151640015675 1.0
EDGE: 443 26 45 300 37.4105052445017 4.471554042967503 1.0
EDGE: 444 26 46 400 79.72661728886193 18.985648958351284 1.0
EDGE: 445 26 47 300 63.230275721583325 14.115649171999795 1.0
EDGE: 446 26 48 400 70.77206078831988 4.627389038901001 1.0
EDGE: 447 26 49 600 18.59557761673267 18.39432192386357 1.0
EDGE: 448 26 50 300 82.8641183912144 17.842769096879135 1.0
EDGE: 449 27 35 0 81.7786201009566 9.472503222003219 1.0
EDGE: 450 27 36 300 17.158139188390255 19.851798450606896 1.0
EDGE: 451 27 37 200 24.71526245372619 10.828869776140689 1.0
EDGE: 452 27 38 500 26.682800300244168 9.263126670430092 1.0
EDGE: 453 27 39 400 43.93440441812311 15.35996220638682 1.0
EDGE: 454 27 40 300 57.29054604800054 3.6918008279099013 1.0
EDGE: 455 27 41 0 79.31269032745888 15.20591889255236 1.0
EDGE: 456 27 42 100 48.56225343550661 1.956063853825562 1.0
EDGE: 457 27 43 100 58.03733137815964 1.9501763335782645 1.0
EDGE: 458 27 44 400 48.29893787170946 7.380541144712081 1.0
EDGE: 459 27 45 400 13.659892333224551 10.595472716682394 1.0
EDGE: 460 27 46 200 56.73329194158093 7.483148755455578 1.0
EDGE: 461 27 47 200 42.62380612736345 19.468502225238574 1.0
EDGE: 462 27 48 500 69.0939107182357 19.07307838664817 1.0
EDGE: 463 27 49 400 83.14847942192819 16.95556428771974 1.0
EDGE: 464 27 50 600 87.65496624915745 8.537196892616922 1.0
EDGE: 465 28 35 300 63.85276800344483 18.721548926474732 1.0
EDGE: 466 28 36 300 76.90417733320332 14.842202636774982 1.0
EDGE: 467 28 37 0 92.00064148796493 13.814601983987394 1.0
EDGE: 468 28 38 400 37.961890194929744 9.529889019141175 1.0
EDGE: 469 28 39 400 13.7518544465214 12.808818321878036 1.0
EDGE: 470 28 40 200 40.88404308271421 1.7328494336974005 1.0
EDGE: 471 28 41 300 41.30045078998202 14.88730181565982 1.0
EDGE: 472 28 42 600 75.98188202973952 7.987978935066224 1.0
EDGE: 473 28 43 600 24.283864213853526 19.517937550850604 1.0
EDGE: 474 28 44 200 57.79120013376289 5.375105315006622 1.0
EDGE: 475 28 45 0 95.34549987937538 4.124220847455004 1.0
EDGE: 476 28 46 500 67.82391730331746 10.258099347330077 1.0
EDGE: 477 28 47 500 42.23354068544087 2.9034861118796846 1.0
EDGE: 478 28 48 300 44.73484189315054 11.655808368178517 1.0
EDGE: 479 28 49 100 91.31883045062415 8.694878869247422 1.0
EDGE: 480 28 50 200 43.036387590649795 6.0201551644095685 1.0
EDGE: 481 29 35 100 49.91465313225555 13.549415815466295 1.0
EDGE: 482 29 36 400 43.99408362330061 4.948743364248964 1.0
EDGE: 483 29 37 600 77.28117658279211 14.404476383580606 1.0
EDGE: 484 29 38 300 34.83568182377675 6.109319088812288 1.0
EDGE: 485 29 39 400 76.69741953300854 5.015066841612016 1.0
EDGE: 486 29 40 0 14.906683200006205 17.4034282183625 1.0
EDGE: 487 29 41 600 33.483533771584426 18.044206503541865 1.0
EDGE: 488 29 42 500 59.90507480632131 1.1466132279031318 1.0
EDGE: 489 29 43 500 46.35620857808959 19.964773814739466 1.0
EDGE: 490 29 44 0 57.82810559800525 8.792496448708267 1.0
EDGE: 491 29 45 600 82.00002760042156 17.17515948694976 1.0
EDGE: 492 29 46 400 12.763924922404762 2.4780881895089752 1.0
EDGE: 493 29 47 0 45.23757383430888 14.481069115659166 1.0
EDGE: 494 29 48 100 35.160862037501644 4.417671245451316 1.0
EDGE: 495 29 49 0 59.68110551985953 3.8458211809037555 1.0
EDGE: 496 29 50 0 59.707193780442196 3.922595840153665 1.0
EDGE: 497 30 35 100 66.24860464773832 14.061478759068677 1.0
EDGE: 498 30 36 400 74.45419419961888 6.574337236783593 1.0
EDGE: 499 30 37 100 29.42702826602737 9.743166367623143 1.0
EDGE: 500 30 38 500 47.315273710220275 6.828155018118154 1.0
EDGE: 501 30 39 100 83.66556360980132 2.798910128778914 1.0
EDGE: 502 30 40 0 18.574049196053686 12.074700467505542 1.0
EDGE: 503 30 41 0 64.78168706961992 3.277345171281914 1.0
EDGE: 504 30 42 200 40.534118419391675 3.936911475375054 1.0
EDGE: 505 30 43 100 53.76286892465704 11.245637374669885 1.0
EDGE: 506 30 44 100 27.943379491094433 12.329546074727373 1.0
EDGE: 507 30 45 200 72.84671916280331 9.099961534912318 1.0
EDGE: 508 30 46 0 55.32570161981968 7.558689924982155 1.0
EDGE: 509 30 47 100 66.26237138645995 13.460876402397076 1.0
EDGE: 510 30 48 300 39.85274698888476 4.48858927229808 1.0
EDGE: 511 30 49 0 60.51595578219833 3.555948155769087 1.0
EDGE: 512 30 50 500 20.888780154443815 17.553143997937173 1.0
EDGE: 513 31 35 100 61.602938706987665 3.7419563923390387 1.0
EDGE: 514 31 36 500 19.84124804973842 4.13941808679082 1.0
EDGE: 515 31 37 600 79.03015774094042 13.569034906372691 1.0
EDGE: 516 31 38 600 16.449970341845948 14.620494908026718 1.0
EDGE: 517 31 39 100 59.03036798075697 15.539084308760359 1.0
EDGE: 518 31 40 500 60.1477399894902 12.06503336592489 1.0
EDGE: 519 31 41 400 71.85208886123556 10.4608072022058 1.0
EDGE: 520 31 42 100 17.625136867964713 7.400866327404104 1.0
EDGE: 521 31 43 600 40.50760147719444 16.05370254075106 1.0
EDGE: 522 31 44 300 10.232393872316294 1.5599779904455335 1.0
EDGE: 523 31 45 300 30.86187697599279 7.203365216262395 1.0
EDGE: 524 31 46 100 97.35109489551023 9.882214198846778 1.0
EDGE: 525 31 47 300 75.44525581814567 9.02044094899177 1.0
EDGE: 526 31 48 600 34.36854744548609 11.805062792196209 1.0
EDGE: 527 31 49 500 55.872710108743625 7.605568793419169 1.0
EDGE: 528 31 50 0 46.387620697213656 15.61684822878957 1.0
EDGE: 529 32 35 400 11.252463870170713 13.172664026149663 1.0
EDGE: 530 32 36 500 71.30487632095642 14.800687054967872 1.0
EDGE: 531 32 37 100 92.46682826926522 6.932881796049263 1.0
EDGE: 532 32 38 0 78.38978623561313 16.246547184549303 1.0
EDGE: 533 32 39 0 34.70802868107359 1.8916068006589635 1.0
EDGE: 534 32 40 500 40.99787736883781 2.358750342221523 1.0
EDGE: 535 32 41 200 23.151843721967765 15.460808661265713 1.0
EDGE: 536 32 42 300 54.55058885562943 16.83626955291207 1.0
EDGE: 537 32 43 600 79.15189281342705 3.5391117996955823 1.0
EDGE: 538 32 44 100 33.41466633438965 17.653158058221596 1.0
EDGE: 539 32 45 100 66.83735016446303 19.461923028233613 1.0
EDGE: 540 32 46 200 62.813910288096075 19.516456870423603 1.0
EDGE: 541 32 47 400 12.496918381226811 10.973953906170038 1.0
EDGE: 542 32 48 200 74.40608096136475 7.828923715361813 1.0
EDGE: 543 32 49 500 91.63187244883797 3.1264931070650057 1.0
EDGE: 544 32 50 100 56.657777471601705 3.9339301500657884 1.0
EDGE: 545 33 35 300 21.0609757780186 13.751760895595389 1.0
EDGE: 546 33 36 600 53.65010504440555 1.1698623868032736 1.0
EDGE: 547 33 37 300 45.96010521310936 2.916698268416273 1.0
EDGE: 548 33 38 500 38.447940615346305 9.011382093978998 1.0
EDGE: 549 33 39 400 64.21935383699076 10.508528945024981 1.0
EDGE: 550 33 40 0 39.66560201110303 10.324877467840299 1.0
EDGE: 551 33 41 500 23.00048132654718 13.85444039281384 1.0
EDGE: 552 33 42 500 22.3617584447277 2.515460703838183 1.0
EDGE: 553 33 43 600 64.87747197701702 11.027729858156333 1.0
EDGE: 554 33 44 600 36.896357363166786 13.092844285019751 1.0
EDGE: 555 33 45 0 93.44304265622455 4.24275012126919 1.0
EDGE: 556 33 46 600 91.88240873456903 3.9334486772747512 1.0
EDGE: 557 33 47 500 70.76391109845585 18.491012979382813 1.0
EDGE: 558 33 48 0 39.86543735278042 1.2660824840351044 1.0
EDGE: 559 33 49 100 41.567624554182046 10.320782203180917 1.0
EDGE: 560 33 50 500 56.863391272926805 14.158534485074311 1.0
EDGE: 561 34 35 200 71.54376255815407 1.4125025045982076 1.0
EDGE: 562 34 36 600 69.39985920027699 12.032428945960797 1.0
EDGE: 563 34 37 600 39.642352053550056 16.352412823577684 1.0
EDGE: 564 34 38 0 15.163362818062634 8.483680083786368 1.0
EDGE: 565 34 39 600 56.75226907211698 16.756683818507867 1.0
EDGE: 566 34 40 100 55.925578888104376 18.43589721728484 1.0
EDGE: 567 34 41 100 55.64246051412184 9.648422063939334 1.0
EDGE: 568 34 42 100 63.8512725326224 2.4040780441333855 1.0
EDGE: 569 34 43 0 89.54880649615929 18.739889758645745 1.0
EDGE: 570 34 44 600 64.8327770850655 11.395936052671411 1.0
EDGE: 571 34 45 400 19.289410542525808 11.022276360504458 1.0
EDGE: 572 34 46 100 14.981813317725106 9.728207579808306 1.0
EDGE: 573 34 47 100 81.29115619311794 8.815375056531805 1.0
EDGE: 574 34 48 500 98.91147739899822 16.785279001474674 1.0
EDGE: 575 34 49 200 71.41032467963957 14.179499493620881 1.0
EDGE: 576 34 50 600 60.94118971751329 16.49748055831556 1.0
EOF
