NAME : null
NBR_NODES : 100
NBR_EDGES : 1476
T : 173.80341040600365
# NODE: i x_i y_i b_i g_i s_i
# x_i, y_i : x, y of node i
# b_i : demand of node_i, <0 for depot, >0 for client, =0 for platforms
# g_i : cost for using node i, >0 only for platforms
# s_i : time for crossing node _i, >0 only for platforms
NODE: 1 10 10 -16 0.0 0.0
NODE: 2 10 20 -15 0.0 0.0
NODE: 3 10 30 -9 0.0 0.0
NODE: 4 10 40 -7 0.0 0.0
NODE: 5 10 50 -8 0.0 0.0
NODE: 6 10 60 -14 0.0 0.0
NODE: 7 10 70 -16 0.0 0.0
NODE: 8 10 80 -12 0.0 0.0
NODE: 9 10 90 -15 0.0 0.0
NODE: 10 10 100 -10 0.0 0.0
NODE: 11 10 110 -19 0.0 0.0
NODE: 12 10 120 -19 0.0 0.0
NODE: 13 10 130 -14 0.0 0.0
NODE: 14 10 140 -10 0.0 0.0
NODE: 15 10 150 -15 0.0 0.0
NODE: 16 10 160 -8 0.0 0.0
NODE: 17 10 170 -8 0.0 0.0
NODE: 18 10 180 -20 0.0 0.0
NODE: 19 10 190 -15 0.0 0.0
NODE: 20 10 200 -14 0.0 0.0
NODE: 21 10 210 -9 0.0 0.0
NODE: 22 10 220 -15 0.0 0.0
NODE: 23 10 230 -17 0.0 0.0
NODE: 24 10 240 -16 0.0 0.0
NODE: 25 10 250 -11 0.0 0.0
NODE: 26 10 260 -10 0.0 0.0
NODE: 27 10 270 -10 0.0 0.0
NODE: 28 10 280 -9 0.0 0.0
NODE: 29 10 290 -10 0.0 0.0
NODE: 30 10 300 -12 0.0 0.0
NODE: 31 10 310 -9 0.0 0.0
NODE: 32 10 320 -68 0.0 0.0
NODE: 33 50 10 0 49.47070574677859 1.0
NODE: 34 50 20 0 49.38750947483342 1.0
NODE: 35 50 30 0 84.06160038243455 1.0
NODE: 36 50 40 0 72.11682345876717 1.0
NODE: 37 50 50 0 49.5664158168834 1.0
NODE: 38 50 60 0 36.007271789789385 1.0
NODE: 39 50 70 0 10.772867910434062 1.0
NODE: 40 50 80 0 91.98617467492018 1.0
NODE: 41 50 90 0 91.60334561553995 1.0
NODE: 42 50 100 0 66.01468010193211 1.0
NODE: 43 50 110 0 81.26078594381627 1.0
NODE: 44 50 120 0 85.64985238440134 1.0
NODE: 45 50 130 0 38.77816022464828 1.0
NODE: 46 50 140 0 52.44398720694425 1.0
NODE: 47 50 150 0 25.518961147976672 1.0
NODE: 48 50 160 0 15.846714390583799 1.0
NODE: 49 50 170 0 29.053107976732395 1.0
NODE: 50 50 180 0 77.68372985896276 1.0
NODE: 51 100 10 5 0.0 0.0
NODE: 52 100 20 6 0.0 0.0
NODE: 53 100 30 5 0.0 0.0
NODE: 54 100 40 13 0.0 0.0
NODE: 55 100 50 14 0.0 0.0
NODE: 56 100 60 6 0.0 0.0
NODE: 57 100 70 10 0.0 0.0
NODE: 58 100 80 8 0.0 0.0
NODE: 59 100 90 11 0.0 0.0
NODE: 60 100 100 6 0.0 0.0
NODE: 61 100 110 12 0.0 0.0
NODE: 62 100 120 5 0.0 0.0
NODE: 63 100 130 5 0.0 0.0
NODE: 64 100 140 6 0.0 0.0
NODE: 65 100 150 7 0.0 0.0
NODE: 66 100 160 10 0.0 0.0
NODE: 67 100 170 9 0.0 0.0
NODE: 68 100 180 6 0.0 0.0
NODE: 69 100 190 8 0.0 0.0
NODE: 70 100 200 12 0.0 0.0
NODE: 71 100 210 9 0.0 0.0
NODE: 72 100 220 13 0.0 0.0
NODE: 73 100 230 7 0.0 0.0
NODE: 74 100 240 5 0.0 0.0
NODE: 75 100 250 8 0.0 0.0
NODE: 76 100 260 9 0.0 0.0
NODE: 77 100 270 5 0.0 0.0
NODE: 78 100 280 14 0.0 0.0
NODE: 79 100 290 12 0.0 0.0
NODE: 80 100 300 13 0.0 0.0
NODE: 81 100 310 12 0.0 0.0
NODE: 82 100 320 9 0.0 0.0
NODE: 83 100 330 9 0.0 0.0
NODE: 84 100 340 13 0.0 0.0
NODE: 85 100 350 14 0.0 0.0
NODE: 86 100 360 12 0.0 0.0
NODE: 87 100 370 6 0.0 0.0
NODE: 88 100 380 11 0.0 0.0
NODE: 89 100 390 7 0.0 0.0
NODE: 90 100 400 5 0.0 0.0
NODE: 91 100 410 10 0.0 0.0
NODE: 92 100 420 12 0.0 0.0
NODE: 93 100 430 13 0.0 0.0
NODE: 94 100 440 7 0.0 0.0
NODE: 95 100 450 14 0.0 0.0
NODE: 96 100 460 9 0.0 0.0
NODE: 97 100 470 5 0.0 0.0
NODE: 98 100 480 7 0.0 0.0
NODE: 99 100 490 12 0.0 0.0
NODE: 100 100 500 14 0.0 0.0
# EDGE: k i j u_ij c_ij h_ij t_ij
# i : starting node of edge k
# j : ending node of edge k
# u_ij : capacity of edge (i,j)
# c_ij : fixed cost for the use of (i,j)
# h_ij : unit cost for (i,j)
# t_ij : delivery time for (i,j)
EDGE: 1 1 33 0 23.788409308322926 8.588332292949218 1.0
EDGE: 2 1 34 0 30.655066209899235 12.635912356227148 1.0
EDGE: 3 1 35 0 44.98171340060043 6.401105221824676 1.0
EDGE: 4 1 36 0 88.34262496442737 14.139059912015199 1.0
EDGE: 5 1 37 0 52.878246128537505 14.799521394951084 1.0
EDGE: 6 1 38 0 59.87767072685505 17.324958045333528 1.0
EDGE: 7 1 39 0 23.213009098526673 17.784121852202166 1.0
EDGE: 8 1 40 0 69.63154637564699 4.227485472354809 1.0
EDGE: 9 1 41 0 11.085466043439753 14.337525063599218 1.0
EDGE: 10 1 42 0 46.515207489929026 12.352088075844671 1.0
EDGE: 11 1 43 0 91.80133958390785 4.363109889866775 1.0
EDGE: 12 1 44 0 46.96122413830808 17.935720674692387 1.0
EDGE: 13 1 45 0 89.0905001952784 12.05429879636139 1.0
EDGE: 14 1 46 0 68.03577844377968 12.682310979876815 1.0
EDGE: 15 1 47 0 99.33378612084505 8.721790583512096 1.0
EDGE: 16 1 48 0 55.56347939859804 14.87609361978608 1.0
EDGE: 17 1 49 0 52.9315249108922 19.856080925931206 1.0
EDGE: 18 1 50 3200 24.64782076157357 7.525157092393006 1.0
EDGE: 19 2 33 0 86.44661477416528 2.952619841773095 1.0
EDGE: 20 2 34 0 52.47006529019426 9.93754430759218 1.0
EDGE: 21 2 35 0 11.65492770412915 18.376945941670893 1.0
EDGE: 22 2 36 0 15.749392539424168 18.882255947447035 1.0
EDGE: 23 2 37 0 60.13589726049146 4.297140774826451 1.0
EDGE: 24 2 38 0 47.74711158448627 16.23749688296978 1.0
EDGE: 25 2 39 0 64.53606436774194 10.460952889294717 1.0
EDGE: 26 2 40 0 12.197757794572057 16.77850680620378 1.0
EDGE: 27 2 41 0 20.138417859646314 2.3449257225707836 1.0
EDGE: 28 2 42 0 94.04987166202403 1.5073279151629673 1.0
EDGE: 29 2 43 0 42.87033598850628 4.952883894156907 1.0
EDGE: 30 2 44 0 39.39929825994855 4.676841892052924 1.0
EDGE: 31 2 45 0 12.382920701123279 11.291113573389044 1.0
EDGE: 32 2 46 0 89.49778454568552 19.41142830452309 1.0
EDGE: 33 2 47 0 21.33458253280108 16.29758200961114 1.0
EDGE: 34 2 48 0 16.219727164689647 18.57658587184175 1.0
EDGE: 35 2 49 0 74.51164042868243 9.752544213786466 1.0
EDGE: 36 2 50 3000 68.86984461948853 12.299857542421762 1.0
EDGE: 37 3 33 0 23.91877892105294 13.447876640875984 1.0
EDGE: 38 3 34 0 14.714617741092955 11.29540747795719 1.0
EDGE: 39 3 35 0 28.472169216699605 5.642481473681185 1.0
EDGE: 40 3 36 0 38.12029043243538 16.894591598403935 1.0
EDGE: 41 3 37 0 49.4280530370604 17.5811080108498 1.0
EDGE: 42 3 38 0 85.68024981077896 11.43486454530635 1.0
EDGE: 43 3 39 0 65.17962728120844 7.603932636326297 1.0
EDGE: 44 3 40 0 27.214606552419713 3.409367973606754 1.0
EDGE: 45 3 41 0 11.555012931705221 16.124242032652283 1.0
EDGE: 46 3 42 0 55.02476170956372 15.529544303488946 1.0
EDGE: 47 3 43 0 96.2491442617098 7.501561823203762 1.0
EDGE: 48 3 44 0 46.285824388598655 3.6031192852214042 1.0
EDGE: 49 3 45 0 88.52237986828916 6.587579694162432 1.0
EDGE: 50 3 46 0 55.95961626822237 2.879795668257908 1.0
EDGE: 51 3 47 0 77.7986494620922 2.4721965460849953 1.0
EDGE: 52 3 48 0 80.11115752149931 5.267004583464823 1.0
EDGE: 53 3 49 0 87.29594665551201 8.70706222860234 1.0
EDGE: 54 3 50 1800 42.01138151969566 6.56805650504985 1.0
EDGE: 55 4 33 0 91.32198905557371 9.033927567819196 1.0
EDGE: 56 4 34 0 75.90893197827683 2.645034012669445 1.0
EDGE: 57 4 35 0 27.367841822075015 16.39516598404236 1.0
EDGE: 58 4 36 0 35.85382814439625 3.158774590536086 1.0
EDGE: 59 4 37 0 46.632338737709716 2.7538027796545386 1.0
EDGE: 60 4 38 0 59.455833581348486 3.288284126831326 1.0
EDGE: 61 4 39 0 99.11009762125349 13.000395627050667 1.0
EDGE: 62 4 40 0 78.96032420759948 10.581922413755223 1.0
EDGE: 63 4 41 0 41.87594066121332 1.9741160860194773 1.0
EDGE: 64 4 42 0 64.52447304095581 19.842711079229236 1.0
EDGE: 65 4 43 0 41.69855204028954 2.375367328386228 1.0
EDGE: 66 4 44 0 17.07656272818798 4.700102844045702 1.0
EDGE: 67 4 45 0 75.61615057099101 1.0972886071045382 1.0
EDGE: 68 4 46 0 10.641252027848594 18.270555032746273 1.0
EDGE: 69 4 47 0 55.60703988760423 8.253487168493495 1.0
EDGE: 70 4 48 0 66.51358251616725 6.059254584123259 1.0
EDGE: 71 4 49 0 55.987789104423335 9.929342623927724 1.0
EDGE: 72 4 50 1400 24.164561742046686 3.005338197431512 1.0
EDGE: 73 5 33 0 54.67191252041199 13.43422518748178 1.0
EDGE: 74 5 34 0 46.261119159325986 4.322945375615585 1.0
EDGE: 75 5 35 0 61.92181804401063 18.581974069885792 1.0
EDGE: 76 5 36 0 77.68326770957395 1.5404586187171854 1.0
EDGE: 77 5 37 0 92.7268627434085 19.27697927558713 1.0
EDGE: 78 5 38 0 20.921251960876546 14.89026244164337 1.0
EDGE: 79 5 39 0 91.44031939415906 11.433210403615497 1.0
EDGE: 80 5 40 0 72.73553109858365 14.951375611021442 1.0
EDGE: 81 5 41 0 29.808063595711136 7.00353555748509 1.0
EDGE: 82 5 42 0 59.4623770029265 11.197294645567457 1.0
EDGE: 83 5 43 0 62.0217953870182 1.6466724076599255 1.0
EDGE: 84 5 44 0 50.84792699229191 19.851390658884576 1.0
EDGE: 85 5 45 0 12.929619014395586 19.30912229767275 1.0
EDGE: 86 5 46 0 54.79348152534832 8.202211320538192 1.0
EDGE: 87 5 47 0 18.036772653563595 19.74942080220064 1.0
EDGE: 88 5 48 0 37.89488040583957 12.281019963490849 1.0
EDGE: 89 5 49 0 16.42933643291206 10.782056902236997 1.0
EDGE: 90 5 50 1600 99.15874308937582 2.5539299839902943 1.0
EDGE: 91 6 33 0 50.25372598262617 8.768401405275734 1.0
EDGE: 92 6 34 0 16.778418035425386 8.03096245672377 1.0
EDGE: 93 6 35 0 16.88478711621636 8.63198672481404 1.0
EDGE: 94 6 36 0 20.35242737438962 6.944383837282617 1.0
EDGE: 95 6 37 0 62.415302221853196 15.425484451091798 1.0
EDGE: 96 6 38 0 73.42822702253117 8.898661442461421 1.0
EDGE: 97 6 39 0 37.59971122955738 4.226723818301358 1.0
EDGE: 98 6 40 0 13.75411075942932 17.144378716527534 1.0
EDGE: 99 6 41 0 59.884879859870146 2.8910939611598576 1.0
EDGE: 100 6 42 0 41.12202945041867 1.3784597235507783 1.0
EDGE: 101 6 43 0 17.660711985083832 2.9376734907609388 1.0
EDGE: 102 6 44 0 75.18420556120826 16.223043033635726 1.0
EDGE: 103 6 45 0 15.363415339329071 16.59643382162382 1.0
EDGE: 104 6 46 0 38.12626787903177 16.28534750665591 1.0
EDGE: 105 6 47 0 90.56426501780834 13.793855957708713 1.0
EDGE: 106 6 48 0 79.579807374646 6.450877077822782 1.0
EDGE: 107 6 49 0 76.67661968673985 9.604308160243832 1.0
EDGE: 108 6 50 2800 53.65709990664778 11.812306057761667 1.0
EDGE: 109 7 33 0 57.41406243694392 7.444523780449765 1.0
EDGE: 110 7 34 0 10.490845069903347 2.386389361767867 1.0
EDGE: 111 7 35 0 81.632437966442 2.0385322008867806 1.0
EDGE: 112 7 36 0 67.16171852208376 7.521242719940935 1.0
EDGE: 113 7 37 0 79.68862919125367 3.930370418945248 1.0
EDGE: 114 7 38 0 25.39655289193518 13.64633204511218 1.0
EDGE: 115 7 39 0 44.948846981418754 14.071939965770238 1.0
EDGE: 116 7 40 0 25.919966731502353 3.7675222480215114 1.0
EDGE: 117 7 41 0 26.579292885235883 14.763332871992741 1.0
EDGE: 118 7 42 0 41.842243875441156 7.859525384463897 1.0
EDGE: 119 7 43 0 42.251962503774415 9.972984720190052 1.0
EDGE: 120 7 44 0 85.96627931687712 19.058089505516524 1.0
EDGE: 121 7 45 0 41.89843663815847 19.814991094379554 1.0
EDGE: 122 7 46 0 59.39640804454336 15.304280694498756 1.0
EDGE: 123 7 47 0 76.14445670542675 14.710932867536664 1.0
EDGE: 124 7 48 0 81.33192825678888 7.843188478454495 1.0
EDGE: 125 7 49 0 35.55808527736124 7.513557254518514 1.0
EDGE: 126 7 50 3200 92.42811595117539 4.729413751177486 1.0
EDGE: 127 8 33 0 59.34429718840324 13.619651719283297 1.0
EDGE: 128 8 34 0 66.60758320894112 10.241670386496446 1.0
EDGE: 129 8 35 0 34.61878262103437 11.849461202812615 1.0
EDGE: 130 8 36 0 28.704733587153175 14.858852176105842 1.0
EDGE: 131 8 37 0 49.893786827620985 5.619989865896688 1.0
EDGE: 132 8 38 0 87.82618906605137 11.199903490271824 1.0
EDGE: 133 8 39 0 88.90880477747393 3.689528611722722 1.0
EDGE: 134 8 40 0 88.80995202268883 19.079839774818925 1.0
EDGE: 135 8 41 0 63.43892655437478 10.500755669550617 1.0
EDGE: 136 8 42 0 36.6661478446256 12.584266899804348 1.0
EDGE: 137 8 43 0 46.213668557127065 6.899753344709744 1.0
EDGE: 138 8 44 0 41.38213512410891 7.814729476888946 1.0
EDGE: 139 8 45 0 47.579080293413426 1.75828326156488 1.0
EDGE: 140 8 46 0 82.9748189882132 4.707247494766989 1.0
EDGE: 141 8 47 0 52.03595846675558 11.776663629368104 1.0
EDGE: 142 8 48 0 99.17296590476141 13.076373513079306 1.0
EDGE: 143 8 49 0 63.28696284072425 2.494596095402914 1.0
EDGE: 144 8 50 2400 20.61233070906738 17.78712226143719 1.0
EDGE: 145 9 33 0 18.92546490964331 18.28728104382334 1.0
EDGE: 146 9 34 0 30.92642168396331 8.707107856763383 1.0
EDGE: 147 9 35 0 88.39893123601034 11.874165648690564 1.0
EDGE: 148 9 36 0 91.61570169765915 15.841241759626772 1.0
EDGE: 149 9 37 0 90.37964230902638 9.617674722931342 1.0
EDGE: 150 9 38 0 44.07804922024145 18.801327673704286 1.0
EDGE: 151 9 39 0 28.175596393666925 18.639258054643363 1.0
EDGE: 152 9 40 0 93.68328191722382 3.5129012712885803 1.0
EDGE: 153 9 41 0 74.31436100320872 17.530108094619656 1.0
EDGE: 154 9 42 0 63.27456060598678 6.811658168587506 1.0
EDGE: 155 9 43 0 67.93273822845057 16.183881828078285 1.0
EDGE: 156 9 44 0 55.97949303732499 13.331810247877215 1.0
EDGE: 157 9 45 0 51.104997839363534 4.028780836030407 1.0
EDGE: 158 9 46 0 59.713730477506594 10.838720120501394 1.0
EDGE: 159 9 47 0 62.742546404065436 9.686323803956062 1.0
EDGE: 160 9 48 0 98.25989599907804 1.9081519874850141 1.0
EDGE: 161 9 49 0 41.1978124923929 5.834162227317044 1.0
EDGE: 162 9 50 3000 36.30462471532597 2.6044865683396 1.0
EDGE: 163 10 33 0 79.20516055312888 5.8002799418226 1.0
EDGE: 164 10 34 0 58.316563583809184 6.560239911999798 1.0
EDGE: 165 10 35 0 37.291661141368934 19.165920008364786 1.0
EDGE: 166 10 36 0 73.64811973105134 11.609235600761624 1.0
EDGE: 167 10 37 0 64.29052539121815 13.40458340268697 1.0
EDGE: 168 10 38 0 12.743768043433597 1.8757660558922855 1.0
EDGE: 169 10 39 0 86.08999989434658 14.334443464385492 1.0
EDGE: 170 10 40 0 31.837750562274255 10.972095994807717 1.0
EDGE: 171 10 41 0 36.25056810107292 7.911520413746907 1.0
EDGE: 172 10 42 0 26.023969710955328 16.706642757560502 1.0
EDGE: 173 10 43 0 14.623222888548899 13.640958050727372 1.0
EDGE: 174 10 44 0 33.08086564729116 11.455185844729202 1.0
EDGE: 175 10 45 0 32.60167585872928 1.6337462367715376 1.0
EDGE: 176 10 46 0 72.93414078925403 8.097440242890702 1.0
EDGE: 177 10 47 0 16.141286115610505 14.086236511535596 1.0
EDGE: 178 10 48 0 60.14008895019148 12.171346587571731 1.0
EDGE: 179 10 49 0 40.1774983120188 1.7097892074536805 1.0
EDGE: 180 10 50 2000 89.27238475557552 14.64741542952082 1.0
EDGE: 181 11 33 300 70.57667396882056 11.38790097138366 1.0
EDGE: 182 11 34 500 65.59511022343374 7.475470018973916 1.0
EDGE: 183 11 35 300 42.25204215437192 17.088152047198726 1.0
EDGE: 184 11 36 800 15.904868145532362 9.806136340198407 1.0
EDGE: 185 11 37 300 44.577654197632796 1.8063209545115013 1.0
EDGE: 186 11 38 600 96.92476116311781 2.539417874498314 1.0
EDGE: 187 11 39 900 47.733105403135845 10.07000662520228 1.0
EDGE: 188 11 40 500 61.13307075158505 15.60270028493961 1.0
EDGE: 189 11 41 900 66.1118621731303 9.279104642010854 1.0
EDGE: 190 11 42 400 32.40943713610389 9.110536666154273 1.0
EDGE: 191 11 43 900 57.42600377319691 10.910480613645227 1.0
EDGE: 192 11 44 200 56.38135490655573 11.308543688573803 1.0
EDGE: 193 11 45 900 48.64018026627957 14.364183225396769 1.0
EDGE: 194 11 46 600 52.85380479982761 11.953767066307543 1.0
EDGE: 195 11 47 400 12.36761663854989 5.978540424398159 1.0
EDGE: 196 11 48 500 20.204822336218673 7.533847952065754 1.0
EDGE: 197 11 49 200 29.860947878243987 3.4914882150042783 1.0
EDGE: 198 11 50 900 94.1298311540806 10.477343733706736 1.0
EDGE: 199 12 33 500 39.23074252353022 7.975464623232908 1.0
EDGE: 200 12 34 900 85.61752094232725 10.257538657955791 1.0
EDGE: 201 12 35 100 20.024471947904598 15.023225808480115 1.0
EDGE: 202 12 36 300 35.540133354204585 12.042093367483323 1.0
EDGE: 203 12 37 400 47.79878088751579 13.711915324275825 1.0
EDGE: 204 12 38 900 15.74092306146337 17.29087684586867 1.0
EDGE: 205 12 39 200 34.81785335929064 1.622741666001013 1.0
EDGE: 206 12 40 700 39.001625816369625 5.454320938291992 1.0
EDGE: 207 12 41 900 75.51069661720152 10.943598929479924 1.0
EDGE: 208 12 42 700 62.77275097211442 18.674645897116903 1.0
EDGE: 209 12 43 500 87.8201285783671 12.43198019748849 1.0
EDGE: 210 12 44 700 94.0494921075795 19.142296412401038 1.0
EDGE: 211 12 45 300 74.076328246702 5.7655239989725775 1.0
EDGE: 212 12 46 200 65.27609265303586 10.509933320593449 1.0
EDGE: 213 12 47 300 97.52771646089583 1.5575390696252862 1.0
EDGE: 214 12 48 100 73.6614608332838 7.516328520434889 1.0
EDGE: 215 12 49 600 83.16199766069023 4.06485129764269 1.0
EDGE: 216 12 50 100 68.78884467327362 12.722500503463147 1.0
EDGE: 217 13 33 0 23.950188336280743 13.365315959891783 1.0
EDGE: 218 13 34 0 75.90240228640346 12.012437886578383 1.0
EDGE: 219 13 35 0 26.146420610019852 13.532338424504873 1.0
EDGE: 220 13 36 0 84.75345069789027 5.260754441195078 1.0
EDGE: 221 13 37 0 99.77634192138215 13.083749397915822 1.0
EDGE: 222 13 38 0 16.38922909396332 17.319619750531746 1.0
EDGE: 223 13 39 0 72.94694419136943 18.732376052058974 1.0
EDGE: 224 13 40 0 22.76697383087339 1.2273065830275223 1.0
EDGE: 225 13 41 0 31.11059046368815 18.215653552574874 1.0
EDGE: 226 13 42 0 46.576118966242355 6.290703218706721 1.0
EDGE: 227 13 43 0 84.91609855041524 14.731621296525173 1.0
EDGE: 228 13 44 0 21.151459209329815 19.444128843698728 1.0
EDGE: 229 13 45 0 92.77966241997747 8.258646823289567 1.0
EDGE: 230 13 46 0 42.86003876132196 14.036802373149877 1.0
EDGE: 231 13 47 0 76.8084433625177 13.78622156558615 1.0
EDGE: 232 13 48 0 50.844631775966576 3.9513012605632962 1.0
EDGE: 233 13 49 0 23.209620387653114 2.2341732445813025 1.0
EDGE: 234 13 50 2800 11.506587969943007 19.705361927852643 1.0
EDGE: 235 14 33 0 30.817744630190763 15.587635253882809 1.0
EDGE: 236 14 34 0 97.61088162064863 3.939355967608206 1.0
EDGE: 237 14 35 0 83.87318118383595 9.5251208091639 1.0
EDGE: 238 14 36 0 14.396156926805991 8.441797007764997 1.0
EDGE: 239 14 37 0 97.68446101023417 7.567043482261178 1.0
EDGE: 240 14 38 0 67.57258986466138 15.615212248610304 1.0
EDGE: 241 14 39 0 98.30736322375589 15.522028357468418 1.0
EDGE: 242 14 40 0 20.590391031134814 4.034727475195918 1.0
EDGE: 243 14 41 0 59.87353095334974 4.758356702918395 1.0
EDGE: 244 14 42 0 91.06173674963186 8.501708190315517 1.0
EDGE: 245 14 43 0 25.701432364694142 11.577889668824062 1.0
EDGE: 246 14 44 0 88.71896835257913 5.7448018489644745 1.0
EDGE: 247 14 45 0 81.82248680777913 5.719814896398471 1.0
EDGE: 248 14 46 0 99.79185026915486 12.670721999149217 1.0
EDGE: 249 14 47 0 44.055164320387135 2.77155319712383 1.0
EDGE: 250 14 48 0 25.186703362948073 9.817120584012715 1.0
EDGE: 251 14 49 0 92.25987241763444 7.014182634487143 1.0
EDGE: 252 14 50 2000 72.35024639280917 10.409891333558598 1.0
EDGE: 253 15 33 0 97.9074310219669 2.9797090988740313 1.0
EDGE: 254 15 34 0 93.2009318667743 11.177249226891304 1.0
EDGE: 255 15 35 0 93.5939769564144 9.747536319346162 1.0
EDGE: 256 15 36 0 93.01059642183363 2.822925414228918 1.0
EDGE: 257 15 37 0 35.63507672727306 7.757476718803647 1.0
EDGE: 258 15 38 0 27.61924753869499 13.810828100486315 1.0
EDGE: 259 15 39 0 93.3718803018404 8.666645722302556 1.0
EDGE: 260 15 40 0 88.86579398382051 13.863507222513986 1.0
EDGE: 261 15 41 0 21.32212746443297 11.52758304844436 1.0
EDGE: 262 15 42 0 90.61752234187223 2.326771015252553 1.0
EDGE: 263 15 43 0 62.808810622564636 11.31494911448766 1.0
EDGE: 264 15 44 0 10.281147817964081 3.302794422303845 1.0
EDGE: 265 15 45 0 96.19930899927643 2.5781331486085293 1.0
EDGE: 266 15 46 0 73.17824770782671 17.20406503964107 1.0
EDGE: 267 15 47 0 57.38781618840695 1.747122980253164 1.0
EDGE: 268 15 48 0 49.667875540431 2.130511219472875 1.0
EDGE: 269 15 49 0 14.653861927196813 2.3689774904011878 1.0
EDGE: 270 15 50 3000 67.39919312492353 1.22215589956846 1.0
EDGE: 271 16 33 0 94.52974402804594 10.302244189948668 1.0
EDGE: 272 16 34 0 43.5769151536589 4.889635547300332 1.0
EDGE: 273 16 35 0 29.809689428728042 6.646670977007888 1.0
EDGE: 274 16 36 0 84.62237475943505 15.574934720202393 1.0
EDGE: 275 16 37 0 13.333542197970244 13.935547038598349 1.0
EDGE: 276 16 38 0 83.11305094682187 8.444676906349267 1.0
EDGE: 277 16 39 0 63.67781019619491 8.868027185284202 1.0
EDGE: 278 16 40 0 94.38332941531553 18.168312095521298 1.0
EDGE: 279 16 41 0 81.386863534466 18.608773310183246 1.0
EDGE: 280 16 42 0 37.66934775249254 16.683552644660555 1.0
EDGE: 281 16 43 0 96.87711586088464 1.4322651374872792 1.0
EDGE: 282 16 44 0 79.1807119375978 11.601390952091737 1.0
EDGE: 283 16 45 0 53.64698228802856 10.239117207822638 1.0
EDGE: 284 16 46 0 16.981900935575613 1.653054043039117 1.0
EDGE: 285 16 47 0 22.925449684545853 2.2217504434428483 1.0
EDGE: 286 16 48 0 60.06619527229261 19.331228722474382 1.0
EDGE: 287 16 49 0 58.39203638069135 11.706761610828684 1.0
EDGE: 288 16 50 1600 16.50489473843796 1.627907726312574 1.0
EDGE: 289 17 33 0 92.10099913914037 1.9513295390983987 1.0
EDGE: 290 17 34 0 48.054693969910176 13.521197463481453 1.0
EDGE: 291 17 35 0 25.242562429211524 8.421010896392541 1.0
EDGE: 292 17 36 0 51.1059776994147 4.61343140963508 1.0
EDGE: 293 17 37 0 99.87399768098184 12.826258012389761 1.0
EDGE: 294 17 38 0 56.354889004379736 13.07293469967309 1.0
EDGE: 295 17 39 0 40.25336577890427 17.945015654387852 1.0
EDGE: 296 17 40 0 12.081950450825367 6.78178157329884 1.0
EDGE: 297 17 41 0 64.90873236650012 19.008724573592435 1.0
EDGE: 298 17 42 0 38.42007335338244 19.34188994672871 1.0
EDGE: 299 17 43 0 53.07567659781124 9.179093117439516 1.0
EDGE: 300 17 44 0 12.49475986152995 8.341797171323194 1.0
EDGE: 301 17 45 0 11.635878096751071 9.392964583033272 1.0
EDGE: 302 17 46 0 66.81930157629114 8.036462526301392 1.0
EDGE: 303 17 47 0 61.189645004831355 3.6026372191333422 1.0
EDGE: 304 17 48 0 95.82781226451765 13.342434985429312 1.0
EDGE: 305 17 49 0 72.3951323391342 7.1889712051414 1.0
EDGE: 306 17 50 1600 77.92886551794157 5.800736193235516 1.0
EDGE: 307 18 33 300 96.2071289637082 7.074628897444005 1.0
EDGE: 308 18 34 500 72.96259839345345 4.909799597182142 1.0
EDGE: 309 18 35 700 54.14816709012403 10.814798384835974 1.0
EDGE: 310 18 36 300 37.444063281174486 13.980806186755657 1.0
EDGE: 311 18 37 500 57.24480645883015 9.692733195083228 1.0
EDGE: 312 18 38 500 72.47563203983944 19.417768402982734 1.0
EDGE: 313 18 39 600 44.761894726254376 7.5974594683987196 1.0
EDGE: 314 18 40 500 31.711302371836087 17.074697997821627 1.0
EDGE: 315 18 41 300 66.36759653014118 6.210994623211823 1.0
EDGE: 316 18 42 100 49.25568566698431 6.0922078497630405 1.0
EDGE: 317 18 43 300 33.86204439059398 12.782415381706834 1.0
EDGE: 318 18 44 500 59.880497453653895 9.365884506018094 1.0
EDGE: 319 18 45 900 41.10238447329695 8.516125267635307 1.0
EDGE: 320 18 46 400 96.4413692488868 13.54878499665318 1.0
EDGE: 321 18 47 200 33.25704958526587 10.351661850415395 1.0
EDGE: 322 18 48 800 21.877788864526014 11.240391435145577 1.0
EDGE: 323 18 49 300 59.02207467439447 2.662386345288288 1.0
EDGE: 324 18 50 300 75.67898997267326 9.764373411693859 1.0
EDGE: 325 19 33 0 21.93225300498066 14.150406177500166 1.0
EDGE: 326 19 34 0 37.19857720035783 8.687501178346022 1.0
EDGE: 327 19 35 0 29.399950292156134 11.96506306944657 1.0
EDGE: 328 19 36 0 50.700745778217495 9.982050430812361 1.0
EDGE: 329 19 37 0 30.614414529986583 11.822341647139561 1.0
EDGE: 330 19 38 0 59.52085586153548 15.484047206906252 1.0
EDGE: 331 19 39 0 66.93433643480634 9.652534097716247 1.0
EDGE: 332 19 40 0 39.22321853677802 9.04969129994229 1.0
EDGE: 333 19 41 0 50.90654584776495 10.053510353468775 1.0
EDGE: 334 19 42 0 92.13887710130535 1.5623048667415895 1.0
EDGE: 335 19 43 0 82.54358761876084 13.576933722506416 1.0
EDGE: 336 19 44 0 28.166194361294902 12.69215354691862 1.0
EDGE: 337 19 45 0 83.99304555193339 19.624765637527503 1.0
EDGE: 338 19 46 0 59.21710799016337 1.0614733248014483 1.0
EDGE: 339 19 47 0 76.23138140421776 11.483409210523009 1.0
EDGE: 340 19 48 0 27.191775509076926 6.2170596521267845 1.0
EDGE: 341 19 49 0 13.915146117744852 8.772824930934272 1.0
EDGE: 342 19 50 3000 97.86452122325478 10.562752487544769 1.0
EDGE: 343 20 33 0 97.02232692482994 11.337972300356535 1.0
EDGE: 344 20 34 0 25.563822098357587 3.1541676839505985 1.0
EDGE: 345 20 35 0 70.41669085909359 5.359915695946922 1.0
EDGE: 346 20 36 0 56.029179867097206 10.008014183680164 1.0
EDGE: 347 20 37 0 94.96788898201042 17.21393962040558 1.0
EDGE: 348 20 38 0 77.32770016939084 12.328342214828679 1.0
EDGE: 349 20 39 0 36.360193257817855 15.352017434690932 1.0
EDGE: 350 20 40 0 41.21314756158269 1.8020669033655539 1.0
EDGE: 351 20 41 0 70.22261228116952 16.23697462606783 1.0
EDGE: 352 20 42 0 19.810346148370463 8.86611206962139 1.0
EDGE: 353 20 43 0 34.713243708867964 14.105696511651857 1.0
EDGE: 354 20 44 0 85.00769668461656 1.5985128198180756 1.0
EDGE: 355 20 45 0 24.190674643630278 5.088716758534504 1.0
EDGE: 356 20 46 0 40.4406349736805 13.635828071464267 1.0
EDGE: 357 20 47 0 60.1051999788757 19.963534497237042 1.0
EDGE: 358 20 48 0 48.44885001866233 9.269200632360013 1.0
EDGE: 359 20 49 0 27.742740360475562 8.56900674353309 1.0
EDGE: 360 20 50 2800 66.8900673071781 5.62141130051878 1.0
EDGE: 361 21 33 0 99.95420228181248 12.65815045708968 1.0
EDGE: 362 21 34 0 83.1932136744007 7.5572709749970315 1.0
EDGE: 363 21 35 0 91.50313849875987 4.716707888457437 1.0
EDGE: 364 21 36 0 95.53376979553893 18.72969398903592 1.0
EDGE: 365 21 37 0 80.164504254557 10.02481562998392 1.0
EDGE: 366 21 38 0 73.51413681077231 16.913795664577997 1.0
EDGE: 367 21 39 0 63.20733062081671 12.989116158272552 1.0
EDGE: 368 21 40 0 63.231806370008144 14.531358290490767 1.0
EDGE: 369 21 41 0 40.394109774088555 8.522665165814985 1.0
EDGE: 370 21 42 0 84.11817736428416 7.018010646975383 1.0
EDGE: 371 21 43 0 47.129722231393984 12.999968797905277 1.0
EDGE: 372 21 44 0 27.430798572900276 15.435463721321026 1.0
EDGE: 373 21 45 0 43.89272299238075 6.064500836560048 1.0
EDGE: 374 21 46 0 58.78188250475892 16.481143915335462 1.0
EDGE: 375 21 47 0 40.581762296780255 7.3160428658979395 1.0
EDGE: 376 21 48 0 69.5858649691318 13.797573609224763 1.0
EDGE: 377 21 49 0 46.91001494175703 2.6551874098693538 1.0
EDGE: 378 21 50 1800 74.80887778255723 15.233835144494691 1.0
EDGE: 379 22 33 0 92.48036369298241 9.8123514651817 1.0
EDGE: 380 22 34 0 56.90287092560703 8.461469647817987 1.0
EDGE: 381 22 35 0 42.67420335794668 7.338644525581104 1.0
EDGE: 382 22 36 0 28.307280389974387 13.097149731221744 1.0
EDGE: 383 22 37 0 38.986638547984484 7.0859301682349285 1.0
EDGE: 384 22 38 0 27.400982723487168 7.2344668734617645 1.0
EDGE: 385 22 39 0 74.94093029813928 3.9534316686224686 1.0
EDGE: 386 22 40 0 55.28740367975131 6.0371885143345905 1.0
EDGE: 387 22 41 0 31.21494378422168 16.428218308140643 1.0
EDGE: 388 22 42 0 73.29554813156676 4.796314483472673 1.0
EDGE: 389 22 43 0 76.1124784577255 18.196924964247522 1.0
EDGE: 390 22 44 0 23.579799208805028 16.60328822005644 1.0
EDGE: 391 22 45 0 10.012236190717593 2.8560358433481956 1.0
EDGE: 392 22 46 0 37.70127863032433 2.5416982089910256 1.0
EDGE: 393 22 47 0 24.927274553200284 10.498091599614348 1.0
EDGE: 394 22 48 0 30.573590039073487 10.04981843661291 1.0
EDGE: 395 22 49 0 62.80774440095913 6.701150558380985 1.0
EDGE: 396 22 50 3000 59.65575139155787 3.85633051108688 1.0
EDGE: 397 23 33 0 18.719722016020636 3.1988549352107922 1.0
EDGE: 398 23 34 0 61.775132175848306 18.641569597190102 1.0
EDGE: 399 23 35 0 87.53295442374818 16.258443103224934 1.0
EDGE: 400 23 36 0 32.46321424979895 13.326638650937012 1.0
EDGE: 401 23 37 0 35.250334163671056 14.544052995788439 1.0
EDGE: 402 23 38 0 25.18697530984881 8.642736925889803 1.0
EDGE: 403 23 39 0 68.61190000985044 12.992660669930627 1.0
EDGE: 404 23 40 0 90.35871713483422 11.383042565094096 1.0
EDGE: 405 23 41 0 59.10619399947451 17.979993879830623 1.0
EDGE: 406 23 42 0 26.507150355679634 12.489497090777979 1.0
EDGE: 407 23 43 0 20.021775959352446 8.803770489750622 1.0
EDGE: 408 23 44 0 98.4925424726922 8.876831181070983 1.0
EDGE: 409 23 45 0 77.671711807402 12.26160171730805 1.0
EDGE: 410 23 46 0 30.14875361182054 3.6461796874420966 1.0
EDGE: 411 23 47 0 90.42385224150237 8.850902250612522 1.0
EDGE: 412 23 48 0 81.23495534221468 1.0906271224068889 1.0
EDGE: 413 23 49 0 81.66970267010518 2.868157847236073 1.0
EDGE: 414 23 50 3400 31.079857716999758 17.645029730909403 1.0
EDGE: 415 24 33 0 65.36471373746795 4.434885522052122 1.0
EDGE: 416 24 34 0 13.801263328929522 1.6824512696589673 1.0
EDGE: 417 24 35 0 25.272780557410556 18.227636224106362 1.0
EDGE: 418 24 36 0 62.48372727472663 15.809568092416708 1.0
EDGE: 419 24 37 0 21.547799454473658 5.439382329167717 1.0
EDGE: 420 24 38 0 12.197192111194777 14.063374295265483 1.0
EDGE: 421 24 39 0 60.78505222146933 18.249631212899637 1.0
EDGE: 422 24 40 0 84.23934652205826 14.161541812052876 1.0
EDGE: 423 24 41 0 18.17526468064603 7.83061218593592 1.0
EDGE: 424 24 42 0 66.48457208474835 6.708768903700575 1.0
EDGE: 425 24 43 0 12.89413839120476 8.666879046728653 1.0
EDGE: 426 24 44 0 67.22226239536135 12.011470657520446 1.0
EDGE: 427 24 45 0 40.36015334007436 19.715670861938303 1.0
EDGE: 428 24 46 0 82.36733267290222 15.903148762378546 1.0
EDGE: 429 24 47 0 27.49349477341511 9.685375919893206 1.0
EDGE: 430 24 48 0 48.42574098141271 14.732785540624398 1.0
EDGE: 431 24 49 0 59.60887183090733 3.4594438734260735 1.0
EDGE: 432 24 50 3200 96.0978184039781 5.418608420971807 1.0
EDGE: 433 25 33 0 10.075059012069703 2.4430860629785576 1.0
EDGE: 434 25 34 0 21.902236683285906 8.219563463002101 1.0
EDGE: 435 25 35 0 76.3739931802326 9.360112575307339 1.0
EDGE: 436 25 36 0 77.70340865107424 5.626849921478343 1.0
EDGE: 437 25 37 0 58.69219343094701 14.777245320877624 1.0
EDGE: 438 25 38 0 70.52516270163595 8.527851488359797 1.0
EDGE: 439 25 39 0 99.67736134088793 16.38325412810617 1.0
EDGE: 440 25 40 0 87.53345645686464 9.544809830458718 1.0
EDGE: 441 25 41 0 46.49294971115237 13.800258959687548 1.0
EDGE: 442 25 42 0 63.57099702954683 6.200590358292954 1.0
EDGE: 443 25 43 0 18.803512394010127 2.4545374633090367 1.0
EDGE: 444 25 44 0 21.126535044042818 15.31387381138877 1.0
EDGE: 445 25 45 0 18.823657515172286 13.784191862187322 1.0
EDGE: 446 25 46 0 45.12167501062744 4.776127417735202 1.0
EDGE: 447 25 47 0 42.06340930456065 6.811008027485924 1.0
EDGE: 448 25 48 0 67.39799804638005 15.612690203571567 1.0
EDGE: 449 25 49 0 99.90279749488224 9.853855217166327 1.0
EDGE: 450 25 50 2200 98.28731338735692 10.980324937160209 1.0
EDGE: 451 26 33 0 37.62848151264835 3.910972205385601 1.0
EDGE: 452 26 34 0 35.1478568131598 19.503573689263582 1.0
EDGE: 453 26 35 0 44.06521433934517 12.98848135050294 1.0
EDGE: 454 26 36 0 90.24923968814133 5.102262557487216 1.0
EDGE: 455 26 37 0 71.4349874655605 16.402471371171796 1.0
EDGE: 456 26 38 0 22.88896606980838 2.21250400365126 1.0
EDGE: 457 26 39 0 96.57662627650397 5.831999580047092 1.0
EDGE: 458 26 40 0 63.123330305843304 15.053531451152674 1.0
EDGE: 459 26 41 0 27.158688691113603 1.650350805558423 1.0
EDGE: 460 26 42 0 46.99551324085687 1.3427198292389546 1.0
EDGE: 461 26 43 0 59.018453156992585 18.811900212252887 1.0
EDGE: 462 26 44 0 55.64367000827705 18.61112628647237 1.0
EDGE: 463 26 45 0 63.25982133072664 15.321923337282872 1.0
EDGE: 464 26 46 0 23.1718456333985 8.021903769378351 1.0
EDGE: 465 26 47 0 24.242951720677205 13.066695032662164 1.0
EDGE: 466 26 48 0 30.666516116862685 6.3439255107048975 1.0
EDGE: 467 26 49 0 62.09840469479988 15.531225019257713 1.0
EDGE: 468 26 50 2000 56.24157714299594 4.48296307245339 1.0
EDGE: 469 27 33 0 35.898674809734004 16.681969901846998 1.0
EDGE: 470 27 34 0 43.4945814350371 5.722769719527689 1.0
EDGE: 471 27 35 0 96.11984057229357 1.0418666615487013 1.0
EDGE: 472 27 36 0 93.25704086671128 5.578402284572878 1.0
EDGE: 473 27 37 0 67.5262283767255 10.735032995836946 1.0
EDGE: 474 27 38 0 66.0216245270331 18.914133441411508 1.0
EDGE: 475 27 39 0 66.11083481046255 18.028476266542974 1.0
EDGE: 476 27 40 0 64.92902257969035 18.72829278540685 1.0
EDGE: 477 27 41 0 96.22435378031797 11.648155152005282 1.0
EDGE: 478 27 42 0 51.697349358683454 16.757387080989744 1.0
EDGE: 479 27 43 0 86.52562976535842 6.896738736553829 1.0
EDGE: 480 27 44 0 20.376829390033713 7.8018325537982225 1.0
EDGE: 481 27 45 0 45.88631189931093 17.35040501007372 1.0
EDGE: 482 27 46 0 16.312636428474427 17.42565652415713 1.0
EDGE: 483 27 47 0 42.88255768138309 11.6620259173716 1.0
EDGE: 484 27 48 0 30.19866339710303 3.432500551541707 1.0
EDGE: 485 27 49 0 95.00658716988974 16.748077107942336 1.0
EDGE: 486 27 50 2000 89.60505643853405 12.270275167139747 1.0
EDGE: 487 28 33 0 76.23088616614682 1.386622781762854 1.0
EDGE: 488 28 34 0 82.86230638823312 8.266808131867528 1.0
EDGE: 489 28 35 0 44.057902828921755 15.00371392327183 1.0
EDGE: 490 28 36 0 42.68472618470595 14.348829077341449 1.0
EDGE: 491 28 37 0 59.68799934652717 16.175546497014214 1.0
EDGE: 492 28 38 0 19.416117585506356 10.646638554284964 1.0
EDGE: 493 28 39 0 37.4385426694305 8.123722568623307 1.0
EDGE: 494 28 40 0 46.28045100987145 11.136796843138077 1.0
EDGE: 495 28 41 0 92.04687246113699 1.2309588012039316 1.0
EDGE: 496 28 42 0 91.52034779535072 2.22518578910716 1.0
EDGE: 497 28 43 0 74.99000277757666 11.354583733618059 1.0
EDGE: 498 28 44 0 94.80620411193908 1.9227814229598508 1.0
EDGE: 499 28 45 0 73.45387274626171 3.4651723960063254 1.0
EDGE: 500 28 46 0 27.79875722046873 9.016482560824047 1.0
EDGE: 501 28 47 0 68.08492430083126 17.88765556377692 1.0
EDGE: 502 28 48 0 31.247899120605094 15.387338948298035 1.0
EDGE: 503 28 49 0 28.156863145937333 18.172252913200424 1.0
EDGE: 504 28 50 1800 73.51055772121707 12.378524849935902 1.0
EDGE: 505 29 33 0 35.28537229090982 11.372571201989919 1.0
EDGE: 506 29 34 0 37.87047807110915 2.8653983935115597 1.0
EDGE: 507 29 35 0 49.32363097439308 8.258210934002651 1.0
EDGE: 508 29 36 0 88.54265739821257 16.429991012954194 1.0
EDGE: 509 29 37 0 32.57141033004834 3.7392287185669613 1.0
EDGE: 510 29 38 0 17.74533019768718 15.79227565145932 1.0
EDGE: 511 29 39 0 90.93060867379877 10.529791563958128 1.0
EDGE: 512 29 40 0 78.7222242599708 5.400549716567383 1.0
EDGE: 513 29 41 0 43.13998234000942 12.828376968895306 1.0
EDGE: 514 29 42 0 72.09799527861587 11.833282439641323 1.0
EDGE: 515 29 43 0 11.72192757100394 15.541854060656016 1.0
EDGE: 516 29 44 0 45.44955757618913 9.414768152415263 1.0
EDGE: 517 29 45 0 51.774118337625005 8.330793273433937 1.0
EDGE: 518 29 46 0 48.476201824267726 2.19692819655521 1.0
EDGE: 519 29 47 0 96.23877848173112 10.503349300125564 1.0
EDGE: 520 29 48 0 98.65127161053987 3.2096090660282535 1.0
EDGE: 521 29 49 0 78.78245407859173 6.535056175948556 1.0
EDGE: 522 29 50 2000 94.73820725111644 17.63171454358509 1.0
EDGE: 523 30 33 0 27.91906776283478 4.7418870129341 1.0
EDGE: 524 30 34 0 68.05380179125731 8.285523253300166 1.0
EDGE: 525 30 35 0 38.50905184902623 19.383910873449647 1.0
EDGE: 526 30 36 0 13.861448758871667 16.60652641769262 1.0
EDGE: 527 30 37 0 49.26741910404512 9.226900858965749 1.0
EDGE: 528 30 38 0 97.77720985018998 8.991137382933378 1.0
EDGE: 529 30 39 0 97.41353648637764 19.339229441249095 1.0
EDGE: 530 30 40 0 74.57151631013171 11.174613504663837 1.0
EDGE: 531 30 41 0 34.0954533334189 17.651402139413836 1.0
EDGE: 532 30 42 0 19.249308717437675 15.041531907098262 1.0
EDGE: 533 30 43 0 46.721556687981064 5.5555640128419554 1.0
EDGE: 534 30 44 0 82.79143094874763 2.021168626280322 1.0
EDGE: 535 30 45 0 26.83240725675261 17.5723330461864 1.0
EDGE: 536 30 46 0 67.44009711328971 13.970116846163611 1.0
EDGE: 537 30 47 0 74.64553875019185 9.86229418866264 1.0
EDGE: 538 30 48 0 88.9112318096601 17.19449784365646 1.0
EDGE: 539 30 49 0 43.906046603956746 3.1095079822812526 1.0
EDGE: 540 30 50 2400 15.416509872434533 13.014097661641319 1.0
EDGE: 541 31 33 0 13.175772300683093 14.054367399666251 1.0
EDGE: 542 31 34 0 75.87788992511986 17.020784117036225 1.0
EDGE: 543 31 35 0 82.19390459834733 17.703154419574158 1.0
EDGE: 544 31 36 0 12.217480647679553 8.933537587591719 1.0
EDGE: 545 31 37 0 74.4417924846376 15.991634632272607 1.0
EDGE: 546 31 38 0 23.105521334649403 16.70244721170909 1.0
EDGE: 547 31 39 0 19.544818656212165 8.430040978210382 1.0
EDGE: 548 31 40 0 19.049312299315226 9.264012032097636 1.0
EDGE: 549 31 41 0 61.64408743858065 7.006778258769193 1.0
EDGE: 550 31 42 0 31.205908215925145 18.100093196676603 1.0
EDGE: 551 31 43 0 82.37080075592124 14.378205892775519 1.0
EDGE: 552 31 44 0 48.80136368730287 19.502858021588793 1.0
EDGE: 553 31 45 0 69.55610355921138 3.121833813466507 1.0
EDGE: 554 31 46 0 12.539360893640469 7.198062454414565 1.0
EDGE: 555 31 47 0 35.309200572893914 14.580275248168274 1.0
EDGE: 556 31 48 0 83.8820454902114 5.729015715234906 1.0
EDGE: 557 31 49 0 19.596586788711466 6.573307271777088 1.0
EDGE: 558 31 50 1800 72.58585165946758 7.753567566507932 1.0
EDGE: 559 32 33 2400 17.95518484975166 15.005374241078895 1.0
EDGE: 560 32 34 2800 77.37514315581365 13.156465811555337 1.0
EDGE: 561 32 35 2300 54.47220560179809 2.1458834438263077 1.0
EDGE: 562 32 36 1200 97.13649617552291 10.629427162282777 1.0
EDGE: 563 32 37 300 13.664540377731255 4.109635572343185 1.0
EDGE: 564 32 38 2700 82.51641937413257 13.121259591341557 1.0
EDGE: 565 32 39 2700 37.39051269146313 16.814730437230967 1.0
EDGE: 566 32 40 1100 30.30532680549875 16.310392474531582 1.0
EDGE: 567 32 41 400 65.42677846113386 14.445299166169775 1.0
EDGE: 568 32 42 500 15.49057452755066 1.0021414553314143 1.0
EDGE: 569 32 43 2400 90.84320847302455 5.196396366897907 1.0
EDGE: 570 32 44 2100 78.36138804831289 10.103068159503243 1.0
EDGE: 571 32 45 300 23.80855494640766 14.82840647214443 1.0
EDGE: 572 32 46 400 86.5484745934287 12.57476664629478 1.0
EDGE: 573 32 47 2600 59.95971378256455 7.308300152135995 1.0
EDGE: 574 32 48 900 74.38113865157413 12.519426956474616 1.0
EDGE: 575 32 49 2500 41.96740380420687 3.5650877928399973 1.0
EDGE: 576 32 50 1500 54.44472361274263 11.299514863335737 1.0
EDGE: 577 33 51 300 15.43106048693414 18.136815693276365 1.0
EDGE: 578 33 52 0 28.7211704631476 5.343916912854418 1.0
EDGE: 579 33 53 400 62.73578091166618 8.236444194203363 1.0
EDGE: 580 33 54 200 49.19553445663342 17.042891133188434 1.0
EDGE: 581 33 55 200 41.00409665256256 15.513953249948713 1.0
EDGE: 582 33 56 0 20.311237985849623 8.884164996967257 1.0
EDGE: 583 33 57 200 52.77542809317434 1.542023290914255 1.0
EDGE: 584 33 58 300 38.156913313571465 10.732529368658925 1.0
EDGE: 585 33 59 200 70.54599621478792 3.802627403936381 1.0
EDGE: 586 33 60 100 13.767600646928813 15.905270445149359 1.0
EDGE: 587 33 61 400 38.802032609213384 8.701887066422493 1.0
EDGE: 588 33 62 300 50.42316124989693 4.4457809190842035 1.0
EDGE: 589 33 63 300 89.67908454709725 6.890526187396343 1.0
EDGE: 590 33 64 400 97.32667845288572 19.747696195256793 1.0
EDGE: 591 33 65 400 80.88022299695116 16.917276399177712 1.0
EDGE: 592 33 66 400 34.545682785452236 1.4319024104725007 1.0
EDGE: 593 33 67 400 26.98598462414188 19.992569626878584 1.0
EDGE: 594 33 68 200 16.59901365355613 13.128751186973687 1.0
EDGE: 595 33 69 300 47.78884963006348 19.389866774171324 1.0
EDGE: 596 33 70 300 24.57211020148595 7.567836505078467 1.0
EDGE: 597 33 71 400 99.78506165030369 5.761963224025067 1.0
EDGE: 598 33 72 0 29.143561884787157 5.127667067946085 1.0
EDGE: 599 33 73 200 49.45661101804104 13.39961758632829 1.0
EDGE: 600 33 74 0 29.405737545857725 8.747584589486044 1.0
EDGE: 601 33 75 0 39.47619096424552 1.2098450988989706 1.0
EDGE: 602 33 76 400 64.86227456822726 8.854269447302617 1.0
EDGE: 603 33 77 100 41.46795409588999 18.941219141018564 1.0
EDGE: 604 33 78 400 50.485274393828306 18.705175213346834 1.0
EDGE: 605 33 79 0 31.456836478953118 2.9335275037494246 1.0
EDGE: 606 33 80 100 27.21500408418649 9.301241573146406 1.0
EDGE: 607 33 81 200 86.6393229355263 13.419126734610888 1.0
EDGE: 608 33 82 400 92.78490394173254 16.771223607259927 1.0
EDGE: 609 33 83 200 84.60842825788028 1.15333143316239 1.0
EDGE: 610 33 84 0 20.254731047014495 15.879983123677869 1.0
EDGE: 611 33 85 400 58.66569888192216 19.901194980244853 1.0
EDGE: 612 33 86 200 34.13465280961027 13.06308893316175 1.0
EDGE: 613 33 87 100 35.35308549530244 1.0580139059146279 1.0
EDGE: 614 33 88 400 96.48308082593596 19.140062554777014 1.0
EDGE: 615 33 89 300 92.83745558333382 16.430903177354175 1.0
EDGE: 616 33 90 400 27.861081269974484 3.6086220476131707 1.0
EDGE: 617 33 91 300 51.28060510516084 2.958791740678608 1.0
EDGE: 618 33 92 200 20.52617155613532 13.172260597507789 1.0
EDGE: 619 33 93 400 28.827530927266878 17.898172149624276 1.0
EDGE: 620 33 94 400 43.74828518553727 14.903507033887763 1.0
EDGE: 621 33 95 400 59.345811807369465 7.751956870942234 1.0
EDGE: 622 33 96 400 83.63077285297115 17.195212125156953 1.0
EDGE: 623 33 97 100 50.54891252941853 16.968778921630616 1.0
EDGE: 624 33 98 400 32.31919825650544 19.402200041886886 1.0
EDGE: 625 33 99 0 33.63618321034383 19.190085888803 1.0
EDGE: 626 33 100 100 43.98077053545406 10.825638037706748 1.0
EDGE: 627 34 51 300 48.08242939952128 2.5723637132774915 1.0
EDGE: 628 34 52 400 37.43722207008802 16.442456517536655 1.0
EDGE: 629 34 53 400 17.70980286337994 14.461843676075548 1.0
EDGE: 630 34 54 100 17.833939370645336 1.5321726846215074 1.0
EDGE: 631 34 55 100 86.67486520679059 8.449028544232224 1.0
EDGE: 632 34 56 300 32.22815914178242 3.1034565893779447 1.0
EDGE: 633 34 57 400 16.50362987949486 6.580381830517764 1.0
EDGE: 634 34 58 200 36.479045967200236 5.772784419410715 1.0
EDGE: 635 34 59 300 47.807372357855996 11.254532402990762 1.0
EDGE: 636 34 60 400 63.322464371140995 15.497522808347206 1.0
EDGE: 637 34 61 300 72.81206836492282 18.08032636629522 1.0
EDGE: 638 34 62 100 24.01325030210031 10.315789144407443 1.0
EDGE: 639 34 63 300 17.33421035650516 10.724079158426871 1.0
EDGE: 640 34 64 200 28.41780351262973 2.9954298160648696 1.0
EDGE: 641 34 65 200 33.33586683011798 13.5233658720054 1.0
EDGE: 642 34 66 400 60.93981593885854 18.24445981854388 1.0
EDGE: 643 34 67 100 25.691783634806953 16.39469863850806 1.0
EDGE: 644 34 68 200 32.16192737875829 19.88531089626759 1.0
EDGE: 645 34 69 100 39.3013107018901 9.312428376696161 1.0
EDGE: 646 34 70 100 78.5861510654214 18.145227256609857 1.0
EDGE: 647 34 71 100 85.1780103715698 7.386222433349502 1.0
EDGE: 648 34 72 300 15.355857081615799 2.9651567378701564 1.0
EDGE: 649 34 73 400 76.64973677042 9.314453860368896 1.0
EDGE: 650 34 74 200 19.342142130289858 18.979477174630517 1.0
EDGE: 651 34 75 300 29.301985417761355 7.740853431678774 1.0
EDGE: 652 34 76 100 52.477386347782414 18.568906834340286 1.0
EDGE: 653 34 77 0 70.79736353618442 3.791760285550998 1.0
EDGE: 654 34 78 400 57.71881427502365 8.138937394238743 1.0
EDGE: 655 34 79 200 99.20396079821805 1.8213264010518493 1.0
EDGE: 656 34 80 300 12.524884142810583 19.5261367752899 1.0
EDGE: 657 34 81 100 30.965435445133668 3.1420027252544838 1.0
EDGE: 658 34 82 400 27.227292411591538 13.184663558143237 1.0
EDGE: 659 34 83 0 72.1456511657198 3.2676679639211264 1.0
EDGE: 660 34 84 400 68.18143180344074 14.555337891257226 1.0
EDGE: 661 34 85 100 19.080660225002052 1.9467279938583273 1.0
EDGE: 662 34 86 400 78.07809043720951 10.76961330585896 1.0
EDGE: 663 34 87 0 37.070834032578006 2.012543936867883 1.0
EDGE: 664 34 88 300 28.29924170392357 13.590790808850945 1.0
EDGE: 665 34 89 100 78.24598559085672 15.828520392522538 1.0
EDGE: 666 34 90 400 90.70069036518868 15.244819809899417 1.0
EDGE: 667 34 91 100 72.2362669079615 7.855205782564728 1.0
EDGE: 668 34 92 100 58.70442384112172 5.543033340939584 1.0
EDGE: 669 34 93 400 75.7816703928838 10.61674409001419 1.0
EDGE: 670 34 94 300 50.08346166321182 14.449154338475447 1.0
EDGE: 671 34 95 0 39.91293139924414 10.09402612363485 1.0
EDGE: 672 34 96 400 46.322031271509054 15.992922287202987 1.0
EDGE: 673 34 97 100 45.83667501684535 18.321876901187252 1.0
EDGE: 674 34 98 100 75.9338664843061 9.182683931824903 1.0
EDGE: 675 34 99 200 83.15757007920908 14.717632236752996 1.0
EDGE: 676 34 100 300 81.6214454203225 7.319286738508373 1.0
EDGE: 677 35 51 0 86.57036366113219 12.418439285264064 1.0
EDGE: 678 35 52 400 63.65899571751278 13.863625183100401 1.0
EDGE: 679 35 53 100 69.65454763506575 16.654630873619766 1.0
EDGE: 680 35 54 100 34.382054994760814 10.760179255357377 1.0
EDGE: 681 35 55 300 36.90451781986047 7.9365161573809315 1.0
EDGE: 682 35 56 100 61.166412388925366 8.868888886057023 1.0
EDGE: 683 35 57 300 97.62801551215959 11.581927098468768 1.0
EDGE: 684 35 58 300 67.7792559938729 5.907715152692896 1.0
EDGE: 685 35 59 100 57.84566164256421 15.86187278744711 1.0
EDGE: 686 35 60 400 76.48530040143908 6.058219088565721 1.0
EDGE: 687 35 61 400 38.82440620391243 18.791637000545613 1.0
EDGE: 688 35 62 200 65.79076409795614 13.136513339363757 1.0
EDGE: 689 35 63 400 93.377705205454 13.344665777244398 1.0
EDGE: 690 35 64 200 81.20793805922712 8.98192641039141 1.0
EDGE: 691 35 65 300 53.56522164872412 10.616594139997758 1.0
EDGE: 692 35 66 0 88.92323742580828 9.465721583362376 1.0
EDGE: 693 35 67 100 55.92488893043569 15.216744444253319 1.0
EDGE: 694 35 68 100 74.75147424871965 10.27221604991884 1.0
EDGE: 695 35 69 400 52.87013383874626 4.914451284346474 1.0
EDGE: 696 35 70 400 13.259215694802796 19.354643614842274 1.0
EDGE: 697 35 71 100 61.385056644531275 9.317549265574364 1.0
EDGE: 698 35 72 0 74.44002001657776 16.718106091434272 1.0
EDGE: 699 35 73 200 42.6504224509614 7.110372480904904 1.0
EDGE: 700 35 74 200 17.824361702190757 9.931954618617496 1.0
EDGE: 701 35 75 200 38.73322576374626 12.128603559796417 1.0
EDGE: 702 35 76 100 76.40705621521515 16.523945031307946 1.0
EDGE: 703 35 77 400 44.97269250362606 1.298322401632709 1.0
EDGE: 704 35 78 200 75.27502457364425 18.158514034488864 1.0
EDGE: 705 35 79 0 19.195479411816663 7.2165960002748815 1.0
EDGE: 706 35 80 400 32.318153863106005 12.251516773511698 1.0
EDGE: 707 35 81 300 91.39292903501932 18.90094772266916 1.0
EDGE: 708 35 82 400 20.90612410848933 6.423769861394819 1.0
EDGE: 709 35 83 0 69.99316371002953 3.9850617456761754 1.0
EDGE: 710 35 84 100 66.91399045607287 14.94574512715947 1.0
EDGE: 711 35 85 400 63.36084655970482 9.388051529471877 1.0
EDGE: 712 35 86 400 64.97932068235897 7.075757155046431 1.0
EDGE: 713 35 87 0 97.65740968413218 17.234652136955432 1.0
EDGE: 714 35 88 200 81.37371117986888 8.943988038359452 1.0
EDGE: 715 35 89 200 54.69457152378475 16.55366343722086 1.0
EDGE: 716 35 90 400 83.37151831647587 14.384691709973785 1.0
EDGE: 717 35 91 400 15.913956319001317 15.032003011600578 1.0
EDGE: 718 35 92 200 47.49856729827692 10.868926511014035 1.0
EDGE: 719 35 93 200 41.12561417324925 4.851701604339869 1.0
EDGE: 720 35 94 0 71.54368951417726 13.44015425446974 1.0
EDGE: 721 35 95 200 53.1382834782514 15.38719243367577 1.0
EDGE: 722 35 96 200 47.715892736980535 4.305050056860935 1.0
EDGE: 723 35 97 400 71.91416671579526 10.290230461283127 1.0
EDGE: 724 35 98 300 96.829974255471 3.4818726611656707 1.0
EDGE: 725 35 99 200 74.3810714525885 18.239794776154742 1.0
EDGE: 726 35 100 400 15.9033806417285 6.658730888898781 1.0
EDGE: 727 36 51 100 38.53471235341287 17.38430948307318 1.0
EDGE: 728 36 52 400 64.04713830975996 6.164094953626677 1.0
EDGE: 729 36 53 0 32.9639676908943 10.253529598372687 1.0
EDGE: 730 36 54 100 34.03367533349446 11.70189634278627 1.0
EDGE: 731 36 55 200 55.43194987960517 8.667439092714384 1.0
EDGE: 732 36 56 200 59.42431241212024 11.253556364869867 1.0
EDGE: 733 36 57 200 66.64565199686106 13.919499797716492 1.0
EDGE: 734 36 58 300 59.63928167228878 7.299292589724343 1.0
EDGE: 735 36 59 0 57.84701975964388 6.261596758991383 1.0
EDGE: 736 36 60 100 57.85305052461247 2.2610408724889313 1.0
EDGE: 737 36 61 200 13.358234389342382 19.468027670776184 1.0
EDGE: 738 36 62 200 29.097775065816005 1.8193423304809753 1.0
EDGE: 739 36 63 200 11.714049798772084 1.005870508265227 1.0
EDGE: 740 36 64 100 28.457706512073216 14.506535936335615 1.0
EDGE: 741 36 65 400 11.51395679267271 18.089084495565675 1.0
EDGE: 742 36 66 400 21.737336933411445 11.728598877096147 1.0
EDGE: 743 36 67 100 60.62702241001047 6.643681215044241 1.0
EDGE: 744 36 68 100 33.48612453852117 7.117983128417782 1.0
EDGE: 745 36 69 100 69.88220056861283 12.961310378909028 1.0
EDGE: 746 36 70 100 79.76259215592795 19.869788553288142 1.0
EDGE: 747 36 71 400 24.87693196561127 1.5686054208951612 1.0
EDGE: 748 36 72 300 95.52062776147612 14.463617435401384 1.0
EDGE: 749 36 73 400 92.03682335924957 17.58963272109315 1.0
EDGE: 750 36 74 200 89.00076929869277 8.923453163126858 1.0
EDGE: 751 36 75 0 97.55927447695196 14.62878608276285 1.0
EDGE: 752 36 76 400 58.009336840146716 16.517906700159934 1.0
EDGE: 753 36 77 400 40.37378701937183 12.951473813197754 1.0
EDGE: 754 36 78 100 35.46816550262368 3.553179929042262 1.0
EDGE: 755 36 79 300 82.7518461335397 3.489938753433182 1.0
EDGE: 756 36 80 300 24.117796129262523 12.661079452805879 1.0
EDGE: 757 36 81 100 14.699118883114611 5.951555636081439 1.0
EDGE: 758 36 82 100 52.75692341957899 16.734432347466022 1.0
EDGE: 759 36 83 400 10.762843325051847 10.056952486333966 1.0
EDGE: 760 36 84 400 68.9008988413712 4.412249200182599 1.0
EDGE: 761 36 85 400 20.387169484497058 8.685296340143587 1.0
EDGE: 762 36 86 0 35.24212756801654 4.766967381320066 1.0
EDGE: 763 36 87 200 15.449290297950355 13.454085889356998 1.0
EDGE: 764 36 88 100 79.79514537576566 10.596133050401647 1.0
EDGE: 765 36 89 300 11.109188860079167 5.010801944887949 1.0
EDGE: 766 36 90 400 32.10921005067756 11.470851871405916 1.0
EDGE: 767 36 91 100 58.60576829513218 3.0637511080886615 1.0
EDGE: 768 36 92 200 40.43120061587628 10.443361982765587 1.0
EDGE: 769 36 93 300 71.13222612760262 8.929450285506203 1.0
EDGE: 770 36 94 100 27.20165825822079 17.066068965227764 1.0
EDGE: 771 36 95 0 86.42345891910855 15.123897771136694 1.0
EDGE: 772 36 96 0 82.76676427672555 14.124385735858061 1.0
EDGE: 773 36 97 400 62.18831680134652 15.275069896141082 1.0
EDGE: 774 36 98 100 49.689062780285276 14.23572234910603 1.0
EDGE: 775 36 99 300 33.0195104358924 9.383989677940576 1.0
EDGE: 776 36 100 400 82.53976704293792 4.216972172240131 1.0
EDGE: 777 37 51 300 39.91400545340788 4.211712555779818 1.0
EDGE: 778 37 52 100 30.555439139308696 16.872830214602587 1.0
EDGE: 779 37 53 0 76.0366955036379 13.319570406917668 1.0
EDGE: 780 37 54 200 13.04185829913992 4.607299279459427 1.0
EDGE: 781 37 55 300 44.860172204951134 9.040018222728605 1.0
EDGE: 782 37 56 100 79.9078964372969 11.010715046382021 1.0
EDGE: 783 37 57 300 19.313407935242406 11.405428177900362 1.0
EDGE: 784 37 58 100 22.212218309810964 1.3246422139096337 1.0
EDGE: 785 37 59 400 33.0721677412922 9.812175330449737 1.0
EDGE: 786 37 60 300 60.10559725970764 9.436985975605197 1.0
EDGE: 787 37 61 100 97.62394686238689 6.947353598617901 1.0
EDGE: 788 37 62 400 98.05169015471913 9.809652981002838 1.0
EDGE: 789 37 63 400 81.24026825020562 4.255475170712122 1.0
EDGE: 790 37 64 0 29.709047057926856 10.491118087247099 1.0
EDGE: 791 37 65 0 98.4891292047027 18.972487322441133 1.0
EDGE: 792 37 66 0 87.35720929171747 13.116232610093633 1.0
EDGE: 793 37 67 200 11.42043888406636 18.504457391273576 1.0
EDGE: 794 37 68 300 73.24967344775462 3.5456203292381243 1.0
EDGE: 795 37 69 100 86.0572150213626 4.678265969491108 1.0
EDGE: 796 37 70 400 22.77655019291632 8.547002194401442 1.0
EDGE: 797 37 71 200 10.325409098587606 10.141652412097091 1.0
EDGE: 798 37 72 100 11.819739009797214 11.670801224895815 1.0
EDGE: 799 37 73 300 72.0551249579762 1.9399593746209476 1.0
EDGE: 800 37 74 0 83.1833947480971 1.222360763243393 1.0
EDGE: 801 37 75 400 38.18606322091567 15.046915239220935 1.0
EDGE: 802 37 76 300 29.482558758018506 9.98312771713303 1.0
EDGE: 803 37 77 400 28.81000812683608 7.376802418174719 1.0
EDGE: 804 37 78 300 52.37269896603918 11.0831417361433 1.0
EDGE: 805 37 79 0 52.18314691763448 15.555354215308322 1.0
EDGE: 806 37 80 0 10.503026970316148 14.177175021027107 1.0
EDGE: 807 37 81 400 19.341079283691585 17.47672073171817 1.0
EDGE: 808 37 82 0 31.076378760879255 7.826863004180726 1.0
EDGE: 809 37 83 300 99.44926743445515 14.42385314970532 1.0
EDGE: 810 37 84 100 62.3984634394068 6.74117470436255 1.0
EDGE: 811 37 85 400 39.52180107345528 14.279647305959632 1.0
EDGE: 812 37 86 0 17.299316835160212 11.277565967066023 1.0
EDGE: 813 37 87 200 54.64123655790508 1.1061878189342198 1.0
EDGE: 814 37 88 100 19.809761039109112 14.356152360924384 1.0
EDGE: 815 37 89 100 67.31236641784085 19.119440334816417 1.0
EDGE: 816 37 90 0 19.975665849136078 5.689255841751122 1.0
EDGE: 817 37 91 100 37.08269796097079 9.836735280451027 1.0
EDGE: 818 37 92 200 44.192859416458205 3.9786609636665133 1.0
EDGE: 819 37 93 100 94.06248573879822 14.924384317375718 1.0
EDGE: 820 37 94 400 30.94547000455734 19.482928378667776 1.0
EDGE: 821 37 95 100 22.477085200799593 13.022776141228068 1.0
EDGE: 822 37 96 0 24.33052402253154 6.107108340583715 1.0
EDGE: 823 37 97 400 92.8845038281795 12.576293528489211 1.0
EDGE: 824 37 98 100 80.25161241901148 18.9171964338912 1.0
EDGE: 825 37 99 100 44.19088421692258 1.445394735797871 1.0
EDGE: 826 37 100 400 72.66443651695656 18.731677782360087 1.0
EDGE: 827 38 51 200 59.09681618878408 4.82820639155787 1.0
EDGE: 828 38 52 400 59.75705006934038 5.192504364541499 1.0
EDGE: 829 38 53 300 39.107207706073524 13.768967446047105 1.0
EDGE: 830 38 54 100 92.44759989886134 5.467842772721122 1.0
EDGE: 831 38 55 300 77.73760161058932 7.280671178190065 1.0
EDGE: 832 38 56 200 80.08238525444881 1.4889431294766875 1.0
EDGE: 833 38 57 200 13.049688749678491 10.859247797983523 1.0
EDGE: 834 38 58 300 80.71705635261166 16.373472868707815 1.0
EDGE: 835 38 59 300 13.148871652719162 5.916629688101401 1.0
EDGE: 836 38 60 400 55.86373669713042 15.437651797613153 1.0
EDGE: 837 38 61 400 30.776676930209874 3.410046212060405 1.0
EDGE: 838 38 62 100 42.08691847888634 3.9495393660956286 1.0
EDGE: 839 38 63 400 35.63082160844874 10.694890557155487 1.0
EDGE: 840 38 64 400 94.33091766098569 5.5258177796833055 1.0
EDGE: 841 38 65 0 75.5457590646292 5.378500868032761 1.0
EDGE: 842 38 66 300 98.36170653501651 8.824407867904565 1.0
EDGE: 843 38 67 400 50.16650776367832 15.702201395012622 1.0
EDGE: 844 38 68 200 22.205944551761036 12.935270262550148 1.0
EDGE: 845 38 69 0 93.2485784033808 12.728945205225488 1.0
EDGE: 846 38 70 400 28.9700084483949 2.6217289393217116 1.0
EDGE: 847 38 71 0 52.21682211512988 8.36390743657673 1.0
EDGE: 848 38 72 300 75.92184448715282 12.314664722663375 1.0
EDGE: 849 38 73 0 86.11598381089236 16.985364838600862 1.0
EDGE: 850 38 74 400 87.21844718025335 5.511921045034093 1.0
EDGE: 851 38 75 300 15.585802769744507 18.213211854270845 1.0
EDGE: 852 38 76 0 10.16177993998741 3.985264605781234 1.0
EDGE: 853 38 77 300 30.99346802389463 6.092454790824852 1.0
EDGE: 854 38 78 200 77.36595611036078 12.947247892387184 1.0
EDGE: 855 38 79 400 77.35622168723478 5.719025132209378 1.0
EDGE: 856 38 80 100 89.71847905538871 15.080313802711864 1.0
EDGE: 857 38 81 300 27.186943937875142 19.08526359203418 1.0
EDGE: 858 38 82 400 67.51837250092558 7.0804883400757666 1.0
EDGE: 859 38 83 0 74.89552151488309 18.67240732441504 1.0
EDGE: 860 38 84 100 49.673993770157836 19.118004309465974 1.0
EDGE: 861 38 85 100 88.87881533576922 17.067435713747752 1.0
EDGE: 862 38 86 100 83.34335105135894 5.367200995782548 1.0
EDGE: 863 38 87 0 99.93204049433103 17.631608151716446 1.0
EDGE: 864 38 88 0 28.89975153619969 11.508039213381975 1.0
EDGE: 865 38 89 100 77.1143668693217 16.998046249798065 1.0
EDGE: 866 38 90 100 87.60556334573428 3.851582794959408 1.0
EDGE: 867 38 91 0 44.701559638524586 6.925697434591829 1.0
EDGE: 868 38 92 400 11.876933505057035 3.4917849180991647 1.0
EDGE: 869 38 93 400 86.35846725814918 3.7870285520877442 1.0
EDGE: 870 38 94 300 20.5222482365116 14.635921136068173 1.0
EDGE: 871 38 95 100 75.16416212053136 5.716790533472814 1.0
EDGE: 872 38 96 200 73.83716375085027 1.0160223750901474 1.0
EDGE: 873 38 97 200 70.62257833042788 10.19919779395292 1.0
EDGE: 874 38 98 100 35.93903202770362 17.033638298231622 1.0
EDGE: 875 38 99 200 96.29140152146874 1.6208680887031592 1.0
EDGE: 876 38 100 100 34.223498132234454 16.040287837163397 1.0
EDGE: 877 39 51 400 14.162090692327055 13.06686550649726 1.0
EDGE: 878 39 52 400 78.32610898203836 2.905931397198485 1.0
EDGE: 879 39 53 100 54.423786313617555 10.387188219859027 1.0
EDGE: 880 39 54 400 93.4717469915386 5.777811202914744 1.0
EDGE: 881 39 55 300 61.743955851336544 16.311049759410785 1.0
EDGE: 882 39 56 0 15.594683580936673 11.682006322451038 1.0
EDGE: 883 39 57 100 41.69857052043755 4.136293024724194 1.0
EDGE: 884 39 58 300 68.11208810519078 15.370043316904837 1.0
EDGE: 885 39 59 0 23.48463558060825 7.2712799953461795 1.0
EDGE: 886 39 60 400 12.733769085172497 12.562904381406051 1.0
EDGE: 887 39 61 300 67.54787268170908 2.6566092363591602 1.0
EDGE: 888 39 62 0 59.19100944801193 1.4947825595179574 1.0
EDGE: 889 39 63 0 99.2583812648045 4.843992129460658 1.0
EDGE: 890 39 64 300 21.267266623811253 4.408921792270103 1.0
EDGE: 891 39 65 100 82.26708356121794 14.259642896703161 1.0
EDGE: 892 39 66 100 79.01355830204953 11.407889826302668 1.0
EDGE: 893 39 67 0 77.67578488940704 18.929520567491867 1.0
EDGE: 894 39 68 300 49.531377785054325 19.810625281452985 1.0
EDGE: 895 39 69 300 27.653610206193495 6.693765923293575 1.0
EDGE: 896 39 70 300 31.20589469829436 4.9186019476276 1.0
EDGE: 897 39 71 300 24.632694880250092 6.687682470853738 1.0
EDGE: 898 39 72 0 88.77232053413829 4.8434593971472415 1.0
EDGE: 899 39 73 200 49.715908749289795 12.616598391250582 1.0
EDGE: 900 39 74 0 89.09817668392282 12.79843547967354 1.0
EDGE: 901 39 75 200 76.42940090430513 6.101957807778161 1.0
EDGE: 902 39 76 100 10.064358516572689 2.005950210587828 1.0
EDGE: 903 39 77 200 18.452852221215732 18.125984123989557 1.0
EDGE: 904 39 78 100 77.42773382916812 14.123685255153838 1.0
EDGE: 905 39 79 100 12.46015401639038 19.352258820255972 1.0
EDGE: 906 39 80 100 17.04814173505951 18.841498468501428 1.0
EDGE: 907 39 81 0 19.703403199162167 4.849558884856017 1.0
EDGE: 908 39 82 100 62.36257255971719 17.0515186846903 1.0
EDGE: 909 39 83 400 92.47298795364043 16.496298391366437 1.0
EDGE: 910 39 84 300 79.48936329396021 9.743769982602085 1.0
EDGE: 911 39 85 300 64.06658659716074 3.0929149918309973 1.0
EDGE: 912 39 86 0 34.84519118640844 10.52965943859821 1.0
EDGE: 913 39 87 400 53.39987175258688 11.959548677772256 1.0
EDGE: 914 39 88 0 12.657724835235543 18.445680283351546 1.0
EDGE: 915 39 89 300 47.89178874991207 13.546355418816278 1.0
EDGE: 916 39 90 200 82.25669323284262 5.439669993669526 1.0
EDGE: 917 39 91 0 90.757142056327 14.333794962016244 1.0
EDGE: 918 39 92 200 67.52621938303739 15.691968866470216 1.0
EDGE: 919 39 93 100 11.339371390694996 16.05024630184449 1.0
EDGE: 920 39 94 100 13.401229235757675 3.6738232772431445 1.0
EDGE: 921 39 95 200 89.61628417866213 10.984282601204155 1.0
EDGE: 922 39 96 400 96.79072153866883 11.59537251678789 1.0
EDGE: 923 39 97 0 18.511586441759626 17.91896006435732 1.0
EDGE: 924 39 98 400 11.810748913257116 18.64557176066304 1.0
EDGE: 925 39 99 200 30.144999563846465 15.965457496756796 1.0
EDGE: 926 39 100 0 41.7098910608827 15.176387092356892 1.0
EDGE: 927 40 51 0 64.65380569880145 18.323412983699725 1.0
EDGE: 928 40 52 400 22.370053642607928 4.733608198122003 1.0
EDGE: 929 40 53 100 82.71859786342463 19.745302208646876 1.0
EDGE: 930 40 54 300 74.76539184317552 2.5866272534166828 1.0
EDGE: 931 40 55 100 55.42607815000942 12.23219790663523 1.0
EDGE: 932 40 56 0 76.26217674025045 9.15952013430647 1.0
EDGE: 933 40 57 0 77.60169820745617 2.238262759484497 1.0
EDGE: 934 40 58 100 83.14242159421089 17.515779181573887 1.0
EDGE: 935 40 59 0 83.24497000268684 5.411308008612497 1.0
EDGE: 936 40 60 400 69.23406807469135 4.799039738013759 1.0
EDGE: 937 40 61 200 14.200241681783643 18.646772498697697 1.0
EDGE: 938 40 62 0 68.03055557413359 14.2821438826602 1.0
EDGE: 939 40 63 100 55.69575648432745 11.98245768390742 1.0
EDGE: 940 40 64 400 28.182587706145508 2.4268854227159373 1.0
EDGE: 941 40 65 300 34.88382372852392 6.611366939683702 1.0
EDGE: 942 40 66 0 64.74489835180427 4.106778859124868 1.0
EDGE: 943 40 67 100 71.01488562242821 6.039993063906148 1.0
EDGE: 944 40 68 0 11.06082799894208 14.895198226852004 1.0
EDGE: 945 40 69 100 88.37832300045339 8.169393675200794 1.0
EDGE: 946 40 70 300 78.66755095902946 1.071229233616797 1.0
EDGE: 947 40 71 400 55.64278441102575 7.826401648118124 1.0
EDGE: 948 40 72 0 45.10472330300733 15.745573095409371 1.0
EDGE: 949 40 73 100 47.72886489076589 18.022316096951496 1.0
EDGE: 950 40 74 0 82.00939545344345 5.258856392735065 1.0
EDGE: 951 40 75 200 58.84696109585061 9.9664101477197 1.0
EDGE: 952 40 76 300 58.37999615473879 15.7546801081586 1.0
EDGE: 953 40 77 300 57.8330788345156 18.61161021155196 1.0
EDGE: 954 40 78 300 26.392181467340496 13.579758063823485 1.0
EDGE: 955 40 79 300 79.41543509405558 19.25967917685126 1.0
EDGE: 956 40 80 0 29.649400434687635 19.913485139130437 1.0
EDGE: 957 40 81 300 77.54467150996959 2.503256676302965 1.0
EDGE: 958 40 82 400 96.25093552957718 10.779281948224718 1.0
EDGE: 959 40 83 200 99.42045766814388 14.532092102008278 1.0
EDGE: 960 40 84 0 41.560287633587336 7.340057914647535 1.0
EDGE: 961 40 85 0 11.347325998153453 10.580823666370632 1.0
EDGE: 962 40 86 200 78.0566737145293 7.130135034409353 1.0
EDGE: 963 40 87 300 10.052561575575812 1.045635076744591 1.0
EDGE: 964 40 88 100 12.152475439608622 19.62597978572056 1.0
EDGE: 965 40 89 300 25.59889806684349 5.547146943623186 1.0
EDGE: 966 40 90 100 50.359437064118936 18.308084485710094 1.0
EDGE: 967 40 91 200 14.524924271351985 18.96687349944611 1.0
EDGE: 968 40 92 100 49.686434069542585 6.116341447097528 1.0
EDGE: 969 40 93 200 14.345927683915942 8.23460132312153 1.0
EDGE: 970 40 94 100 99.6516276546873 15.951254774175066 1.0
EDGE: 971 40 95 300 23.04803594639384 1.39402107202709 1.0
EDGE: 972 40 96 300 35.791791014464295 5.623334708236261 1.0
EDGE: 973 40 97 0 59.708466430605824 12.223967076289416 1.0
EDGE: 974 40 98 200 97.05167011914652 10.403014973415903 1.0
EDGE: 975 40 99 100 64.87467441337819 4.442601884232068 1.0
EDGE: 976 40 100 200 11.936132071652349 9.073439873371361 1.0
EDGE: 977 41 51 0 41.83522550854097 9.2718899967139 1.0
EDGE: 978 41 52 300 30.80797113176812 9.138463713185256 1.0
EDGE: 979 41 53 100 52.41521030935472 1.8897079300809727 1.0
EDGE: 980 41 54 200 64.21413151982499 6.588205191649842 1.0
EDGE: 981 41 55 200 63.42901148349088 2.046932438916496 1.0
EDGE: 982 41 56 200 39.6232056893553 12.374504859193214 1.0
EDGE: 983 41 57 300 22.423213781399532 13.876848517431664 1.0
EDGE: 984 41 58 400 21.456989309468348 19.49862135011715 1.0
EDGE: 985 41 59 200 23.84250810387647 13.674224248440044 1.0
EDGE: 986 41 60 200 11.798910742783178 17.36351943904285 1.0
EDGE: 987 41 61 0 89.25137003137941 9.171394826563589 1.0
EDGE: 988 41 62 100 91.66217325659993 12.793087470527743 1.0
EDGE: 989 41 63 0 97.74433915047207 8.588700984319427 1.0
EDGE: 990 41 64 300 55.2003801439372 2.8706288596487894 1.0
EDGE: 991 41 65 400 65.17771377811079 8.486618909977427 1.0
EDGE: 992 41 66 0 51.743488368191976 1.4989744139825163 1.0
EDGE: 993 41 67 0 93.35546260871887 19.19693920164737 1.0
EDGE: 994 41 68 400 83.0418897417963 17.334554370774885 1.0
EDGE: 995 41 69 0 52.802177943047504 18.360322461896658 1.0
EDGE: 996 41 70 400 95.60144044219398 18.497778173780517 1.0
EDGE: 997 41 71 0 75.25587537652953 12.847586387697755 1.0
EDGE: 998 41 72 100 90.4922291583321 19.21206612132258 1.0
EDGE: 999 41 73 200 74.5134505245272 14.09206455893811 1.0
EDGE: 1000 41 74 300 55.513933504737544 10.273869443609248 1.0
EDGE: 1001 41 75 300 46.761621131509784 2.610380880092387 1.0
EDGE: 1002 41 76 200 87.10053689146275 11.00603299169135 1.0
EDGE: 1003 41 77 300 44.02614167223287 19.23898086921683 1.0
EDGE: 1004 41 78 400 11.847257498627021 12.096836105169846 1.0
EDGE: 1005 41 79 100 86.87212482692534 12.363769552868044 1.0
EDGE: 1006 41 80 400 90.04246087328602 1.4770589045471612 1.0
EDGE: 1007 41 81 400 34.98826967904918 6.170193905202178 1.0
EDGE: 1008 41 82 0 86.08740846790778 4.137418776798203 1.0
EDGE: 1009 41 83 400 86.78782095935392 19.69111661707519 1.0
EDGE: 1010 41 84 300 43.18662101426241 14.53871651419823 1.0
EDGE: 1011 41 85 100 81.65905449092509 7.179822955548025 1.0
EDGE: 1012 41 86 100 92.19170301703394 9.017041829619531 1.0
EDGE: 1013 41 87 300 30.99811785281448 19.085507358056308 1.0
EDGE: 1014 41 88 200 66.98139452046843 2.3363753017965774 1.0
EDGE: 1015 41 89 200 96.65703013413086 8.65858194633153 1.0
EDGE: 1016 41 90 100 81.26072258390474 3.2909371815767616 1.0
EDGE: 1017 41 91 300 57.939651691267876 5.963146667842773 1.0
EDGE: 1018 41 92 300 94.16200319680014 14.009621103583573 1.0
EDGE: 1019 41 93 300 40.77845527279024 17.823974716289502 1.0
EDGE: 1020 41 94 200 24.530558693022698 13.364861010893863 1.0
EDGE: 1021 41 95 200 75.22486852096773 4.9853465686680085 1.0
EDGE: 1022 41 96 0 16.2779208410376 2.638270611205365 1.0
EDGE: 1023 41 97 200 29.88605877706087 7.509082185172208 1.0
EDGE: 1024 41 98 300 29.685371929266587 6.345404946145366 1.0
EDGE: 1025 41 99 300 54.440913435541304 19.189114760284546 1.0
EDGE: 1026 41 100 400 26.040592011591237 1.8719804194150402 1.0
EDGE: 1027 42 51 100 63.86807671606727 14.509945803606541 1.0
EDGE: 1028 42 52 0 55.49026932614462 3.3239027238593444 1.0
EDGE: 1029 42 53 300 60.5188262732484 4.426331309031188 1.0
EDGE: 1030 42 54 200 30.491454792855105 16.743446799013675 1.0
EDGE: 1031 42 55 200 52.66761229154179 1.9915389323677217 1.0
EDGE: 1032 42 56 300 69.7444874280354 6.593927075895701 1.0
EDGE: 1033 42 57 100 60.67306595464255 11.611519848896648 1.0
EDGE: 1034 42 58 100 69.99029370970499 18.16520483025322 1.0
EDGE: 1035 42 59 200 94.38230463057641 8.452340448723703 1.0
EDGE: 1036 42 60 0 65.55489108470022 16.302382650602006 1.0
EDGE: 1037 42 61 300 97.91132658026049 12.27821626736134 1.0
EDGE: 1038 42 62 300 78.02388591076749 12.610014580891457 1.0
EDGE: 1039 42 63 200 60.43431649576918 3.7474948665777874 1.0
EDGE: 1040 42 64 200 70.9297873075145 13.034193693697647 1.0
EDGE: 1041 42 65 0 64.114684850923 5.943925674550273 1.0
EDGE: 1042 42 66 400 16.834969454206878 6.474845512220514 1.0
EDGE: 1043 42 67 400 62.810626831167845 12.670569021242697 1.0
EDGE: 1044 42 68 0 16.693046811343685 10.83058181737223 1.0
EDGE: 1045 42 69 400 17.688045953586602 19.783677989652364 1.0
EDGE: 1046 42 70 0 73.87153034326852 7.628453309066673 1.0
EDGE: 1047 42 71 0 48.37363417898122 2.593904611040918 1.0
EDGE: 1048 42 72 100 47.71853525372009 19.140942775943223 1.0
EDGE: 1049 42 73 200 10.7809127231795 10.11217294313907 1.0
EDGE: 1050 42 74 100 64.05638350114545 16.642550974054846 1.0
EDGE: 1051 42 75 100 95.2420850486553 19.667558809874613 1.0
EDGE: 1052 42 76 0 62.48487361733648 18.208310215385165 1.0
EDGE: 1053 42 77 100 11.078457293301962 17.174523696249473 1.0
EDGE: 1054 42 78 400 62.877088588855585 17.206572912088458 1.0
EDGE: 1055 42 79 300 16.242301086776465 13.0768455496969 1.0
EDGE: 1056 42 80 400 55.95048817327289 14.388420128150466 1.0
EDGE: 1057 42 81 300 53.16291468180643 12.745589310030553 1.0
EDGE: 1058 42 82 0 65.29615842133768 13.226032146605771 1.0
EDGE: 1059 42 83 100 24.42973119933952 2.858464024586473 1.0
EDGE: 1060 42 84 400 50.748988246435644 13.902364263716267 1.0
EDGE: 1061 42 85 100 34.44528020634652 1.0379044160335695 1.0
EDGE: 1062 42 86 400 65.48159686213972 8.104474206638418 1.0
EDGE: 1063 42 87 0 75.68079845152931 11.775227298479479 1.0
EDGE: 1064 42 88 300 21.704850996088382 19.5228399975919 1.0
EDGE: 1065 42 89 300 10.667327493701341 2.418201134030422 1.0
EDGE: 1066 42 90 200 62.35773468074419 11.709020465059545 1.0
EDGE: 1067 42 91 0 93.35508264870319 17.7493778513827 1.0
EDGE: 1068 42 92 0 38.669424610863544 2.6939917041509895 1.0
EDGE: 1069 42 93 0 45.97393300127767 5.432524510799286 1.0
EDGE: 1070 42 94 0 35.97638281854525 8.519510129488637 1.0
EDGE: 1071 42 95 400 40.0277909893645 12.35450379548809 1.0
EDGE: 1072 42 96 200 42.677233154447876 12.5848468891918 1.0
EDGE: 1073 42 97 300 22.55571576796936 10.639943603394991 1.0
EDGE: 1074 42 98 200 29.708307757343793 10.461230835019743 1.0
EDGE: 1075 42 99 300 61.292565740441496 3.866043162256856 1.0
EDGE: 1076 42 100 300 20.42260250795748 13.57634835627518 1.0
EDGE: 1077 43 51 400 84.86199038271722 4.7548535353900885 1.0
EDGE: 1078 43 52 400 23.255006862135975 13.92124675711813 1.0
EDGE: 1079 43 53 400 26.634584007870743 12.370384329451914 1.0
EDGE: 1080 43 54 400 82.0565960096139 11.681975753471603 1.0
EDGE: 1081 43 55 300 53.38402445359006 7.597872631356549 1.0
EDGE: 1082 43 56 100 91.48079912089696 3.448320139415421 1.0
EDGE: 1083 43 57 0 42.373981118440895 9.432562163435584 1.0
EDGE: 1084 43 58 300 37.304265826691655 4.401963720129915 1.0
EDGE: 1085 43 59 100 13.008629411133775 11.355335620515294 1.0
EDGE: 1086 43 60 100 84.06523329301672 11.636424396109824 1.0
EDGE: 1087 43 61 300 91.67958219019506 1.8225437896082053 1.0
EDGE: 1088 43 62 100 44.90221000145343 10.511113377764056 1.0
EDGE: 1089 43 63 300 50.94203301346503 11.647375406818885 1.0
EDGE: 1090 43 64 300 40.97579938479067 16.69185204487517 1.0
EDGE: 1091 43 65 100 16.65294792636193 2.8001106443561077 1.0
EDGE: 1092 43 66 300 40.35644791156557 18.280197306618803 1.0
EDGE: 1093 43 67 400 89.20409189115546 6.9046031731785655 1.0
EDGE: 1094 43 68 300 38.76096692129369 10.18391732871773 1.0
EDGE: 1095 43 69 400 67.48273262115912 14.458333835727348 1.0
EDGE: 1096 43 70 0 57.02060676891927 13.630958432597595 1.0
EDGE: 1097 43 71 200 36.692804569323584 13.55338016646716 1.0
EDGE: 1098 43 72 400 52.66352118089105 16.479252535853597 1.0
EDGE: 1099 43 73 200 83.6693604124387 11.625644086884401 1.0
EDGE: 1100 43 74 0 45.49441982740975 2.7247026829914773 1.0
EDGE: 1101 43 75 100 35.81913100190462 11.509684419201543 1.0
EDGE: 1102 43 76 400 59.554219520610225 16.359695894191134 1.0
EDGE: 1103 43 77 100 52.319992288532866 12.826493855796366 1.0
EDGE: 1104 43 78 300 46.342532946911845 19.48448442008185 1.0
EDGE: 1105 43 79 0 38.712144769636076 19.481569435123053 1.0
EDGE: 1106 43 80 300 66.68575773409007 12.323776278176712 1.0
EDGE: 1107 43 81 0 18.51384084624097 19.80061375458609 1.0
EDGE: 1108 43 82 400 41.13363761836328 13.550887342276697 1.0
EDGE: 1109 43 83 300 17.994466309235708 5.580217811457474 1.0
EDGE: 1110 43 84 100 21.267052477077495 17.07178807463518 1.0
EDGE: 1111 43 85 300 22.73776373307608 6.080862560727077 1.0
EDGE: 1112 43 86 400 66.79989893399932 8.171397879998603 1.0
EDGE: 1113 43 87 300 47.128048922862796 3.7395885238053337 1.0
EDGE: 1114 43 88 100 95.85783238439687 12.674463993461854 1.0
EDGE: 1115 43 89 400 20.392194111816895 2.1296726603836067 1.0
EDGE: 1116 43 90 200 98.31670733648593 5.523373492862098 1.0
EDGE: 1117 43 91 400 25.33023508993577 8.444659430833823 1.0
EDGE: 1118 43 92 300 44.58353720783993 3.925238320431344 1.0
EDGE: 1119 43 93 100 98.36736322036423 1.534087384868239 1.0
EDGE: 1120 43 94 0 14.702740065354217 9.9706017628704 1.0
EDGE: 1121 43 95 0 82.0601601948151 18.268258911646043 1.0
EDGE: 1122 43 96 400 15.170548444305147 4.3761050005151985 1.0
EDGE: 1123 43 97 300 43.68985593058932 1.759391231143975 1.0
EDGE: 1124 43 98 200 53.34033297128792 7.753458918854511 1.0
EDGE: 1125 43 99 400 86.07544667341008 9.716497252904876 1.0
EDGE: 1126 43 100 400 71.80170384497625 2.557070127025238 1.0
EDGE: 1127 44 51 0 19.239462425800276 17.961337071640926 1.0
EDGE: 1128 44 52 400 87.61616336881684 7.6126554763449015 1.0
EDGE: 1129 44 53 200 14.059221435770013 2.882786885512105 1.0
EDGE: 1130 44 54 200 93.79215012027286 12.879197279411287 1.0
EDGE: 1131 44 55 100 51.53635214836429 3.356964266263197 1.0
EDGE: 1132 44 56 400 22.882260691222122 18.846579609953142 1.0
EDGE: 1133 44 57 400 53.81743845974845 19.410459539821556 1.0
EDGE: 1134 44 58 300 95.08549561909452 11.721246983762544 1.0
EDGE: 1135 44 59 200 85.5985532536794 8.65401178185585 1.0
EDGE: 1136 44 60 0 95.73730270286154 14.302234436115661 1.0
EDGE: 1137 44 61 0 37.04652466065214 18.263975364750152 1.0
EDGE: 1138 44 62 100 19.570271699537344 15.199909305085392 1.0
EDGE: 1139 44 63 300 21.869747628779653 1.0389241957165085 1.0
EDGE: 1140 44 64 400 41.62824756033377 1.7997673659061624 1.0
EDGE: 1141 44 65 200 46.67132556754498 8.80872754981269 1.0
EDGE: 1142 44 66 0 47.216720895994506 4.123631977895168 1.0
EDGE: 1143 44 67 300 50.21738616943939 17.223453555933244 1.0
EDGE: 1144 44 68 400 55.77226886542134 4.4905936513322615 1.0
EDGE: 1145 44 69 400 83.75337159332753 8.699436646078047 1.0
EDGE: 1146 44 70 200 16.033887072206653 9.630039969851996 1.0
EDGE: 1147 44 71 100 66.00110084644774 14.049851577668536 1.0
EDGE: 1148 44 72 0 82.3990051092004 16.649113983555218 1.0
EDGE: 1149 44 73 0 98.96945349920317 8.077144920002056 1.0
EDGE: 1150 44 74 300 74.84701359523308 8.006950300588525 1.0
EDGE: 1151 44 75 0 13.2114397125912 15.154658828757738 1.0
EDGE: 1152 44 76 0 87.31311210792914 1.398026850837982 1.0
EDGE: 1153 44 77 300 73.66051577071075 6.5747992736936185 1.0
EDGE: 1154 44 78 200 91.89526897635852 14.196980558558206 1.0
EDGE: 1155 44 79 200 29.678917474269735 12.191085666863966 1.0
EDGE: 1156 44 80 0 98.77714994667065 15.867230984707495 1.0
EDGE: 1157 44 81 300 15.450853823725975 18.631430234348596 1.0
EDGE: 1158 44 82 200 24.249773827398112 3.4857495587328264 1.0
EDGE: 1159 44 83 200 79.35336218173066 10.109987900971001 1.0
EDGE: 1160 44 84 0 61.71476084475391 17.28632737892035 1.0
EDGE: 1161 44 85 200 93.43762912202911 18.61492347382578 1.0
EDGE: 1162 44 86 100 33.05194053178845 12.873674812663243 1.0
EDGE: 1163 44 87 300 16.653601623817146 16.999435620042863 1.0
EDGE: 1164 44 88 200 90.23416811792413 5.510709131666219 1.0
EDGE: 1165 44 89 100 57.95069751257312 6.2533862649024385 1.0
EDGE: 1166 44 90 200 29.57213032433077 13.631360440656982 1.0
EDGE: 1167 44 91 100 37.88742840697606 6.982876179777342 1.0
EDGE: 1168 44 92 100 83.47198886110773 17.481250011208417 1.0
EDGE: 1169 44 93 0 59.88274340237746 11.875108449526346 1.0
EDGE: 1170 44 94 300 47.0886244268249 1.5385807638308373 1.0
EDGE: 1171 44 95 400 34.74191010319836 17.6758909227703 1.0
EDGE: 1172 44 96 400 99.75735565792634 2.117581977250537 1.0
EDGE: 1173 44 97 100 34.589741905271914 12.95711296442822 1.0
EDGE: 1174 44 98 0 43.586892475787664 10.30685745262298 1.0
EDGE: 1175 44 99 100 54.843991493263864 11.701545490529785 1.0
EDGE: 1176 44 100 0 94.09635871634775 3.1449717088622533 1.0
EDGE: 1177 45 51 100 35.36171073701208 18.48230597492775 1.0
EDGE: 1178 45 52 100 80.27919914594312 19.68562980708151 1.0
EDGE: 1179 45 53 300 24.391409692410463 5.764333585778893 1.0
EDGE: 1180 45 54 0 53.97678362004091 13.354785238764995 1.0
EDGE: 1181 45 55 200 31.4637954446628 7.6052159998559326 1.0
EDGE: 1182 45 56 300 20.944498678065795 14.752020575466986 1.0
EDGE: 1183 45 57 300 37.85393624002491 1.782714892852534 1.0
EDGE: 1184 45 58 100 38.49318023470394 3.798551877298888 1.0
EDGE: 1185 45 59 100 25.747652430980317 17.12632953032828 1.0
EDGE: 1186 45 60 100 57.088655532655125 15.884191224044544 1.0
EDGE: 1187 45 61 100 89.74492000181742 14.580247297749155 1.0
EDGE: 1188 45 62 400 75.7922379589322 4.415617658359835 1.0
EDGE: 1189 45 63 400 86.83315592533091 7.275019320221165 1.0
EDGE: 1190 45 64 100 33.92497440563504 12.918296425776836 1.0
EDGE: 1191 45 65 300 13.46313826055487 15.635311284421912 1.0
EDGE: 1192 45 66 0 53.838462625760314 17.594394111309036 1.0
EDGE: 1193 45 67 400 70.86041213733972 9.301066339278432 1.0
EDGE: 1194 45 68 300 52.17504161773522 2.9890285664506706 1.0
EDGE: 1195 45 69 200 32.204978123576744 11.38942976321306 1.0
EDGE: 1196 45 70 100 99.50018388862522 2.1672019341718003 1.0
EDGE: 1197 45 71 300 67.81207858161292 13.374776096653475 1.0
EDGE: 1198 45 72 200 50.689882571419844 8.553757789117665 1.0
EDGE: 1199 45 73 0 76.94690734340678 18.614180641771924 1.0
EDGE: 1200 45 74 100 50.955862916898845 13.338706595344055 1.0
EDGE: 1201 45 75 300 87.4060160661759 5.2956874945933725 1.0
EDGE: 1202 45 76 400 34.89142387597575 9.100264604067151 1.0
EDGE: 1203 45 77 400 76.49828081956538 3.336703695627812 1.0
EDGE: 1204 45 78 100 48.420714482587606 14.047947704099911 1.0
EDGE: 1205 45 79 200 19.558221712103375 9.509878034412909 1.0
EDGE: 1206 45 80 200 96.03427824567041 5.038066338380736 1.0
EDGE: 1207 45 81 100 94.62444590120916 1.8237996150024134 1.0
EDGE: 1208 45 82 300 38.1936467909601 13.26396342394959 1.0
EDGE: 1209 45 83 200 94.41611341232887 14.935859853878272 1.0
EDGE: 1210 45 84 100 86.2878327249649 14.273339265361795 1.0
EDGE: 1211 45 85 300 89.24015252556764 15.124626465619805 1.0
EDGE: 1212 45 86 100 35.02450497350574 8.715008371676365 1.0
EDGE: 1213 45 87 100 86.96209398054158 2.099069568782093 1.0
EDGE: 1214 45 88 400 74.63865968679667 10.96743145920392 1.0
EDGE: 1215 45 89 0 58.673302390342315 9.671984645169147 1.0
EDGE: 1216 45 90 100 17.80163634813487 9.551364860491482 1.0
EDGE: 1217 45 91 300 11.187442599381267 5.074955740857655 1.0
EDGE: 1218 45 92 300 98.61322579349923 5.978972745144639 1.0
EDGE: 1219 45 93 300 79.99898016312633 14.442201801863542 1.0
EDGE: 1220 45 94 100 43.559762023918985 15.441746779501901 1.0
EDGE: 1221 45 95 200 98.83651948633344 8.7406550536873 1.0
EDGE: 1222 45 96 100 66.82092775410526 12.489573959247744 1.0
EDGE: 1223 45 97 400 14.443821042577287 1.173605116163321 1.0
EDGE: 1224 45 98 0 84.80816356754993 18.603299648516646 1.0
EDGE: 1225 45 99 300 17.721277742354907 13.835265265583843 1.0
EDGE: 1226 45 100 100 37.31743140870461 1.3131252855253672 1.0
EDGE: 1227 46 51 0 94.86067913207391 13.143591845863142 1.0
EDGE: 1228 46 52 200 85.17918271986153 19.265192176677733 1.0
EDGE: 1229 46 53 0 74.60608573599056 13.32871140041918 1.0
EDGE: 1230 46 54 100 16.78832822145413 7.388683902688639 1.0
EDGE: 1231 46 55 100 10.2736040019313 1.0042920474185588 1.0
EDGE: 1232 46 56 400 98.39702812744346 7.065803713307637 1.0
EDGE: 1233 46 57 0 37.662879468997154 3.599205601083203 1.0
EDGE: 1234 46 58 0 45.55310314726952 16.95695844326159 1.0
EDGE: 1235 46 59 400 42.49314220398096 2.176825596927534 1.0
EDGE: 1236 46 60 100 15.566903170944366 12.883503485703388 1.0
EDGE: 1237 46 61 400 33.496594632054666 1.9193002208899175 1.0
EDGE: 1238 46 62 0 73.38941320164639 5.920384461056035 1.0
EDGE: 1239 46 63 100 69.80194831581397 8.304151387351432 1.0
EDGE: 1240 46 64 200 95.7844421495717 12.601024030414859 1.0
EDGE: 1241 46 65 200 53.7409500996568 3.7505342944918016 1.0
EDGE: 1242 46 66 400 31.177680086372394 5.886795861643488 1.0
EDGE: 1243 46 67 0 82.71069411529896 5.262511957879183 1.0
EDGE: 1244 46 68 300 95.06545549234045 15.303429525812346 1.0
EDGE: 1245 46 69 300 96.22451513840255 3.346676361084068 1.0
EDGE: 1246 46 70 200 53.36599351836863 17.396689889286638 1.0
EDGE: 1247 46 71 100 96.7843141068531 5.231472281385382 1.0
EDGE: 1248 46 72 200 98.59599271324998 3.4096769025280413 1.0
EDGE: 1249 46 73 400 85.70709586795876 11.165557552774455 1.0
EDGE: 1250 46 74 100 86.25533129663101 7.834084679403102 1.0
EDGE: 1251 46 75 300 47.5385424724656 4.322550020322687 1.0
EDGE: 1252 46 76 200 41.30271707541886 19.237770156454417 1.0
EDGE: 1253 46 77 200 69.18644298634985 1.5895007521208693 1.0
EDGE: 1254 46 78 100 97.10508739009198 3.5209700843666676 1.0
EDGE: 1255 46 79 100 72.40677430453357 8.266441073196386 1.0
EDGE: 1256 46 80 300 31.743587270311636 8.503509987715056 1.0
EDGE: 1257 46 81 300 10.77526265466458 9.454342846055209 1.0
EDGE: 1258 46 82 300 29.058914081373118 19.495355028549707 1.0
EDGE: 1259 46 83 200 54.777233015599805 2.658839703815969 1.0
EDGE: 1260 46 84 0 84.31886421696873 19.252836359070358 1.0
EDGE: 1261 46 85 0 41.148545963881055 4.887050500876424 1.0
EDGE: 1262 46 86 100 86.8908788369807 7.47290728733687 1.0
EDGE: 1263 46 87 200 95.10045934769428 10.264849997419976 1.0
EDGE: 1264 46 88 300 24.80241280638783 5.727764115319163 1.0
EDGE: 1265 46 89 300 36.56120290221291 11.951929599873925 1.0
EDGE: 1266 46 90 100 48.571927186765095 2.4921835666945826 1.0
EDGE: 1267 46 91 0 64.06709985305474 16.88199331518817 1.0
EDGE: 1268 46 92 0 64.19333010701268 6.6659129377455795 1.0
EDGE: 1269 46 93 0 12.436021610096624 5.605429617630528 1.0
EDGE: 1270 46 94 0 77.65666569424103 2.7434607834957783 1.0
EDGE: 1271 46 95 200 82.85602099776453 3.2618082081152453 1.0
EDGE: 1272 46 96 0 15.887881926418652 4.533632058294099 1.0
EDGE: 1273 46 97 100 26.52192543017737 14.459539675101299 1.0
EDGE: 1274 46 98 0 21.490457641694324 10.08115226708122 1.0
EDGE: 1275 46 99 400 85.45272407787415 16.590045196783606 1.0
EDGE: 1276 46 100 400 81.17174974085147 7.192717326935486 1.0
EDGE: 1277 47 51 100 86.62255122162237 1.853780380738145 1.0
EDGE: 1278 47 52 300 30.23682003068648 12.719825727820195 1.0
EDGE: 1279 47 53 200 38.038080394022046 6.025453727375595 1.0
EDGE: 1280 47 54 200 98.03259402758981 19.500721906272684 1.0
EDGE: 1281 47 55 400 17.895142903791573 9.73578848487853 1.0
EDGE: 1282 47 56 100 21.725145367286125 14.613809261250495 1.0
EDGE: 1283 47 57 0 50.44738064958407 1.7971648429510125 1.0
EDGE: 1284 47 58 0 88.29292260074317 9.344862433680213 1.0
EDGE: 1285 47 59 200 54.719747488772576 4.850494772081396 1.0
EDGE: 1286 47 60 100 17.11873280932544 7.020394589264737 1.0
EDGE: 1287 47 61 200 64.69968314965007 1.360664615353766 1.0
EDGE: 1288 47 62 100 78.06328339650038 10.609516545707061 1.0
EDGE: 1289 47 63 100 42.13873304879541 6.7378961823375025 1.0
EDGE: 1290 47 64 100 42.40312398181583 5.746631734340776 1.0
EDGE: 1291 47 65 100 65.59749231678339 9.112365274238226 1.0
EDGE: 1292 47 66 300 46.51575823850011 11.577316153135131 1.0
EDGE: 1293 47 67 300 81.86661453692976 13.039423718325557 1.0
EDGE: 1294 47 68 200 90.69476961206074 11.579718665841904 1.0
EDGE: 1295 47 69 400 48.3967453953388 11.162767946090922 1.0
EDGE: 1296 47 70 400 47.977773006024805 18.26383406015564 1.0
EDGE: 1297 47 71 400 57.870188131616786 16.61289920222355 1.0
EDGE: 1298 47 72 300 10.369983398569007 17.40098492745971 1.0
EDGE: 1299 47 73 100 58.547091921637396 8.668216861686563 1.0
EDGE: 1300 47 74 400 12.346228898884299 17.185862936736296 1.0
EDGE: 1301 47 75 100 66.51899220994656 9.956090366664453 1.0
EDGE: 1302 47 76 100 84.01422938187447 14.483467405506158 1.0
EDGE: 1303 47 77 100 78.50251893362604 5.221252817835098 1.0
EDGE: 1304 47 78 100 78.82192864745082 18.063290183205 1.0
EDGE: 1305 47 79 300 86.30606611593409 5.438858758956027 1.0
EDGE: 1306 47 80 200 93.19171666572373 7.473083475812987 1.0
EDGE: 1307 47 81 400 76.60226089976655 14.799554710098311 1.0
EDGE: 1308 47 82 100 67.96433186601054 14.95456486490229 1.0
EDGE: 1309 47 83 400 12.139022146495773 4.843899184515436 1.0
EDGE: 1310 47 84 400 64.03529277145289 9.553391761527402 1.0
EDGE: 1311 47 85 300 83.02203661194659 4.773479753553377 1.0
EDGE: 1312 47 86 400 27.066612056789214 8.325758840317878 1.0
EDGE: 1313 47 87 0 99.20144617782823 3.7160747947886312 1.0
EDGE: 1314 47 88 300 38.656675188136134 8.293953383857755 1.0
EDGE: 1315 47 89 400 67.79559225529228 11.47219319013625 1.0
EDGE: 1316 47 90 400 93.8510320284582 2.5532222242724663 1.0
EDGE: 1317 47 91 400 61.384588710710894 2.0203468287272357 1.0
EDGE: 1318 47 92 300 87.37696948598284 6.682282522447849 1.0
EDGE: 1319 47 93 300 25.906564736480007 19.80839385281137 1.0
EDGE: 1320 47 94 0 83.48463169415064 7.359832195217501 1.0
EDGE: 1321 47 95 200 19.28938321510639 11.60829546879718 1.0
EDGE: 1322 47 96 100 66.77752294329738 15.83939237250418 1.0
EDGE: 1323 47 97 400 44.450643142322946 15.461634029396288 1.0
EDGE: 1324 47 98 200 13.915220872913038 14.684835005091879 1.0
EDGE: 1325 47 99 400 12.798776351356926 12.993235350544845 1.0
EDGE: 1326 47 100 400 68.57106741889652 8.918933525894445 1.0
EDGE: 1327 48 51 400 36.868059844588245 10.120232635114034 1.0
EDGE: 1328 48 52 100 84.52769788171196 17.487282748906946 1.0
EDGE: 1329 48 53 200 13.220357327483764 3.9339272828920757 1.0
EDGE: 1330 48 54 0 74.29319237367146 16.68992944773135 1.0
EDGE: 1331 48 55 200 89.24638241729797 11.281780136701848 1.0
EDGE: 1332 48 56 0 63.12066776645819 3.9830630537664162 1.0
EDGE: 1333 48 57 400 29.99932327296375 16.32688009203572 1.0
EDGE: 1334 48 58 200 30.814125913070637 13.303100979462968 1.0
EDGE: 1335 48 59 300 23.693621789215744 3.112239616468264 1.0
EDGE: 1336 48 60 300 16.203378276958876 12.8155229613704 1.0
EDGE: 1337 48 61 0 87.00173033756401 15.907248109831889 1.0
EDGE: 1338 48 62 300 31.67082854436846 19.740788503692524 1.0
EDGE: 1339 48 63 200 23.781651937653056 4.863642419127208 1.0
EDGE: 1340 48 64 300 87.61297157414128 11.659687428686736 1.0
EDGE: 1341 48 65 300 23.368078124444608 17.258323032615696 1.0
EDGE: 1342 48 66 100 19.21938824933239 16.450465117359123 1.0
EDGE: 1343 48 67 200 27.059943135252272 7.350373709895052 1.0
EDGE: 1344 48 68 400 90.45204563457753 7.760068058397621 1.0
EDGE: 1345 48 69 100 63.93719594157338 5.6296166114306505 1.0
EDGE: 1346 48 70 100 42.60774972934802 16.661846617281768 1.0
EDGE: 1347 48 71 0 89.63961076140298 5.984055163463245 1.0
EDGE: 1348 48 72 400 37.34652199954922 19.902070977466465 1.0
EDGE: 1349 48 73 100 44.24044495305025 17.063541959524468 1.0
EDGE: 1350 48 74 300 36.568738260419906 5.8875916446980945 1.0
EDGE: 1351 48 75 0 57.84776559669429 6.867020678576602 1.0
EDGE: 1352 48 76 0 34.023836632458355 16.31699466235802 1.0
EDGE: 1353 48 77 0 35.066234218684286 6.330683143155972 1.0
EDGE: 1354 48 78 200 66.03340028627196 4.1075972265561145 1.0
EDGE: 1355 48 79 300 31.95219309304561 15.444384410412106 1.0
EDGE: 1356 48 80 400 31.21143846188245 18.020620966815418 1.0
EDGE: 1357 48 81 0 71.59484458685316 6.1736628234242845 1.0
EDGE: 1358 48 82 400 91.56466410230897 13.13689070448604 1.0
EDGE: 1359 48 83 400 46.95633144466446 17.214704376661903 1.0
EDGE: 1360 48 84 300 19.85559762193097 16.085403457464093 1.0
EDGE: 1361 48 85 400 22.103566475615267 17.35960129575181 1.0
EDGE: 1362 48 86 0 20.611299843319394 10.677109416229404 1.0
EDGE: 1363 48 87 200 95.46456656474203 16.999239230783036 1.0
EDGE: 1364 48 88 100 84.66053613039553 16.34624668699615 1.0
EDGE: 1365 48 89 100 91.24215757704494 19.041169899802654 1.0
EDGE: 1366 48 90 200 89.58220760866617 19.551580445335123 1.0
EDGE: 1367 48 91 200 87.61783927402088 13.269797777730739 1.0
EDGE: 1368 48 92 200 90.94784814763374 12.039880227083005 1.0
EDGE: 1369 48 93 0 22.878605062088766 13.926238658275532 1.0
EDGE: 1370 48 94 0 91.74100086790517 14.623989538923118 1.0
EDGE: 1371 48 95 100 63.09957207730962 12.035183355590801 1.0
EDGE: 1372 48 96 100 39.836269495337135 7.877824488234692 1.0
EDGE: 1373 48 97 0 17.515192956495333 3.7561165873996814 1.0
EDGE: 1374 48 98 200 15.920916662787409 18.90064613000604 1.0
EDGE: 1375 48 99 0 70.21189339971981 13.786232092183806 1.0
EDGE: 1376 48 100 100 56.741723344987435 10.052954696852193 1.0
EDGE: 1377 49 51 100 79.27490888598332 18.5923873687935 1.0
EDGE: 1378 49 52 0 71.06003450073376 18.316342057831545 1.0
EDGE: 1379 49 53 100 27.022188116372593 1.99944489508015 1.0
EDGE: 1380 49 54 400 58.19769773183846 10.679654394249912 1.0
EDGE: 1381 49 55 400 87.45812648818384 19.412337126782134 1.0
EDGE: 1382 49 56 300 51.556800587021364 8.70380186282965 1.0
EDGE: 1383 49 57 200 59.579958952872595 18.699210485366315 1.0
EDGE: 1384 49 58 200 41.99593544840805 14.167564261650561 1.0
EDGE: 1385 49 59 300 97.66963524044817 6.5129767177115285 1.0
EDGE: 1386 49 60 100 68.44587415948779 13.446730743289537 1.0
EDGE: 1387 49 61 400 12.203983333847823 13.57862839350732 1.0
EDGE: 1388 49 62 300 55.647423576987414 1.0289247139811322 1.0
EDGE: 1389 49 63 100 17.515958024370395 1.2236572572097377 1.0
EDGE: 1390 49 64 200 81.39428050305112 5.3164512554208265 1.0
EDGE: 1391 49 65 400 64.83981462986965 8.178917336519135 1.0
EDGE: 1392 49 66 400 68.16371820043719 9.619512970275089 1.0
EDGE: 1393 49 67 0 51.87299598960764 5.427281008810844 1.0
EDGE: 1394 49 68 200 76.51788204343438 7.992139090754574 1.0
EDGE: 1395 49 69 0 72.4875627591845 14.627425822213807 1.0
EDGE: 1396 49 70 100 60.1585539998512 3.3131713447770808 1.0
EDGE: 1397 49 71 0 72.72397054214689 5.390103528671712 1.0
EDGE: 1398 49 72 200 35.01814941518346 6.764648163172879 1.0
EDGE: 1399 49 73 400 11.700007117885207 3.434229267242798 1.0
EDGE: 1400 49 74 200 17.269790371611638 7.6099334121186235 1.0
EDGE: 1401 49 75 300 28.567702019600986 10.400133153505802 1.0
EDGE: 1402 49 76 200 97.63926267882984 19.92393194205761 1.0
EDGE: 1403 49 77 200 49.15102239250678 5.847326510992386 1.0
EDGE: 1404 49 78 0 51.901653160147866 13.677738561975683 1.0
EDGE: 1405 49 79 0 88.39717476211503 2.7141177809009207 1.0
EDGE: 1406 49 80 0 69.94551117124223 17.330058058776576 1.0
EDGE: 1407 49 81 100 97.27430451455355 18.26642595761999 1.0
EDGE: 1408 49 82 300 68.28730218125057 18.82774669277373 1.0
EDGE: 1409 49 83 100 25.248430823675047 17.31313437217324 1.0
EDGE: 1410 49 84 100 23.41901411739167 18.66781604494617 1.0
EDGE: 1411 49 85 400 71.97241486186878 3.2153288489660423 1.0
EDGE: 1412 49 86 100 95.87169570219412 4.423240728630548 1.0
EDGE: 1413 49 87 400 44.319770195594565 18.96676433199492 1.0
EDGE: 1414 49 88 100 57.3777492630369 19.88491862715351 1.0
EDGE: 1415 49 89 0 87.39614337739887 15.372902448728851 1.0
EDGE: 1416 49 90 300 76.01478875904125 12.722125028515611 1.0
EDGE: 1417 49 91 400 40.661264918253906 4.105866231238843 1.0
EDGE: 1418 49 92 200 76.7138901988827 4.313799834041812 1.0
EDGE: 1419 49 93 400 92.79418054706835 6.162651206881209 1.0
EDGE: 1420 49 94 100 47.01501904302457 9.153021244797326 1.0
EDGE: 1421 49 95 100 31.43458909274895 14.003942900258782 1.0
EDGE: 1422 49 96 400 80.45246914001714 9.97700128053616 1.0
EDGE: 1423 49 97 100 76.43309220179542 19.400878118472036 1.0
EDGE: 1424 49 98 100 52.45312528300559 14.524950730978757 1.0
EDGE: 1425 49 99 300 97.74315339306114 11.767099919823407 1.0
EDGE: 1426 49 100 200 16.13034035019468 15.576157246286908 1.0
EDGE: 1427 50 51 300 71.58762061297685 8.503442647059476 1.0
EDGE: 1428 50 52 400 87.85627197247385 3.6706172300418705 1.0
EDGE: 1429 50 53 400 61.03256084255481 12.63259989809603 1.0
EDGE: 1430 50 54 300 54.99545963366666 15.664571045596116 1.0
EDGE: 1431 50 55 100 99.60129243542701 6.751109691895186 1.0
EDGE: 1432 50 56 100 40.68247977053356 17.02327894320089 1.0
EDGE: 1433 50 57 400 19.061364408786865 2.0760087115122983 1.0
EDGE: 1434 50 58 400 73.02647520069371 9.503385661608704 1.0
EDGE: 1435 50 59 400 95.01733819163668 14.1134937041298 1.0
EDGE: 1436 50 60 300 28.625378340684126 19.627216632433196 1.0
EDGE: 1437 50 61 200 76.44215525037536 12.226937531703639 1.0
EDGE: 1438 50 62 400 92.77263728281453 8.101348220085157 1.0
EDGE: 1439 50 63 300 37.77992530900845 9.1315989429667 1.0
EDGE: 1440 50 64 300 11.239264863588424 11.081796199616509 1.0
EDGE: 1441 50 65 300 34.752936688926226 5.093377382562759 1.0
EDGE: 1442 50 66 300 21.014009734065098 11.938168444316862 1.0
EDGE: 1443 50 67 400 67.50570001620287 19.358948085907436 1.0
EDGE: 1444 50 68 100 69.88447828211234 15.919121637002341 1.0
EDGE: 1445 50 69 300 77.21883956185509 9.09462693525637 1.0
EDGE: 1446 50 70 200 77.24200440526774 6.871469817134811 1.0
EDGE: 1447 50 71 200 84.82565083908835 12.86130839455581 1.0
EDGE: 1448 50 72 0 50.993089949188054 1.9152847192722124 1.0
EDGE: 1449 50 73 100 62.96413000578962 5.402815381478505 1.0
EDGE: 1450 50 74 300 67.96022286868855 6.727335856549129 1.0
EDGE: 1451 50 75 0 54.797279614697295 19.27501189695481 1.0
EDGE: 1452 50 76 100 57.65489257359014 1.8352081812728687 1.0
EDGE: 1453 50 77 200 85.83453313988149 10.593017978406921 1.0
EDGE: 1454 50 78 300 71.80560482251082 19.07444909848199 1.0
EDGE: 1455 50 79 0 67.38707532932273 14.923867746163063 1.0
EDGE: 1456 50 80 300 34.523718979580345 11.111080541137111 1.0
EDGE: 1457 50 81 0 92.78988270731145 4.101965256289817 1.0
EDGE: 1458 50 82 0 60.48990798555777 19.681824910009297 1.0
EDGE: 1459 50 83 0 20.023318273397923 18.494667462875885 1.0
EDGE: 1460 50 84 0 21.044065869987804 12.95438780654838 1.0
EDGE: 1461 50 85 400 46.8670584535094 13.99534886144449 1.0
EDGE: 1462 50 86 0 30.561473214159165 2.1601380096957454 1.0
EDGE: 1463 50 87 100 47.219187020516536 7.771287450482929 1.0
EDGE: 1464 50 88 300 37.99802192217224 7.4015354107806335 1.0
EDGE: 1465 50 89 0 49.71326421471715 9.54371568256712 1.0
EDGE: 1466 50 90 200 60.98732647368536 17.286642402828353 1.0
EDGE: 1467 50 91 300 32.26617694777251 8.92738127982779 1.0
EDGE: 1468 50 92 0 12.372526368408332 15.793067881248179 1.0
EDGE: 1469 50 93 400 18.689595084370602 9.10696059430894 1.0
EDGE: 1470 50 94 100 71.5555848076883 2.513687138086013 1.0
EDGE: 1471 50 95 400 45.99782962686763 6.8776683970380095 1.0
EDGE: 1472 50 96 300 55.5469225214214 13.186477888464607 1.0
EDGE: 1473 50 97 200 43.54492785546619 13.827410598506214 1.0
EDGE: 1474 50 98 100 47.09816295188824 19.16082293100902 1.0
EDGE: 1475 50 99 100 47.6237858264794 9.187816281643837 1.0
EDGE: 1476 50 100 100 59.80083507882176 7.202613310633745 1.0
EOF
