NAME : null
NBR_NODES : 50
NBR_EDGES : 504
T : 125.58659328835398
# NODE: i x_i y_i b_i g_i s_i
# x_i, y_i : x, y of node i
# b_i : demand of node_i, <0 for depot, >0 for client, =0 for platforms
# g_i : cost for using node i, >0 only for platforms
# s_i : time for crossing node _i, >0 only for platforms
NODE: 1 10 10 -9 0.0 0.0
NODE: 2 10 20 -7 0.0 0.0
NODE: 3 10 30 -12 0.0 0.0
NODE: 4 10 40 -16 0.0 0.0
NODE: 5 10 50 -11 0.0 0.0
NODE: 6 10 60 -8 0.0 0.0
NODE: 7 10 70 -16 0.0 0.0
NODE: 8 10 80 -8 0.0 0.0
NODE: 9 10 90 -19 0.0 0.0
NODE: 10 10 100 -13 0.0 0.0
NODE: 11 10 110 -18 0.0 0.0
NODE: 12 10 120 -10 0.0 0.0
NODE: 13 10 130 -9 0.0 0.0
NODE: 14 10 140 -13 0.0 0.0
NODE: 15 10 150 -8 0.0 0.0
NODE: 16 10 160 -14 0.0 0.0
NODE: 17 10 170 -10 0.0 0.0
NODE: 18 10 180 -17 0.0 0.0
NODE: 19 50 10 0 28.772909172137574 1.0
NODE: 20 50 20 0 42.83833899684029 1.0
NODE: 21 50 30 0 95.86403067538343 1.0
NODE: 22 50 40 0 52.60603769825891 1.0
NODE: 23 50 50 0 66.99737295438177 1.0
NODE: 24 50 60 0 50.491462246786504 1.0
NODE: 25 50 70 0 31.140319355001765 1.0
NODE: 26 50 80 0 45.261325389965336 1.0
NODE: 27 50 90 0 24.837027445003848 1.0
NODE: 28 50 100 0 70.0565616330338 1.0
NODE: 29 50 110 0 58.944142522204075 1.0
NODE: 30 50 120 0 64.40949425617882 1.0
NODE: 31 50 130 0 33.65864749437858 1.0
NODE: 32 50 140 0 89.36342973673972 1.0
NODE: 33 100 10 11 0.0 0.0
NODE: 34 100 20 7 0.0 0.0
NODE: 35 100 30 9 0.0 0.0
NODE: 36 100 40 9 0.0 0.0
NODE: 37 100 50 15 0.0 0.0
NODE: 38 100 60 13 0.0 0.0
NODE: 39 100 70 8 0.0 0.0
NODE: 40 100 80 18 0.0 0.0
NODE: 41 100 90 15 0.0 0.0
NODE: 42 100 100 19 0.0 0.0
NODE: 43 100 110 9 0.0 0.0
NODE: 44 100 120 7 0.0 0.0
NODE: 45 100 130 7 0.0 0.0
NODE: 46 100 140 14 0.0 0.0
NODE: 47 100 150 12 0.0 0.0
NODE: 48 100 160 17 0.0 0.0
NODE: 49 100 170 10 0.0 0.0
NODE: 50 100 180 18 0.0 0.0
# EDGE: k i j u_ij c_ij h_ij t_ij
# i : starting node of edge k
# j : ending node of edge k
# u_ij : capacity of edge (i,j)
# c_ij : fixed cost for the use of (i,j)
# h_ij : unit cost for (i,j)
# t_ij : delivery time for (i,j)
EDGE: 1 1 19 0 11.931819106300129 8.178194354523754 1.0
EDGE: 2 1 20 0 13.280969208351301 5.641838397302131 1.0
EDGE: 3 1 21 0 80.74976724590121 4.8937634511408366 1.0
EDGE: 4 1 22 0 48.12478297730379 5.833952720737292 1.0
EDGE: 5 1 23 0 57.06806540486338 7.807036443023004 1.0
EDGE: 6 1 24 0 78.8231869875759 2.41527966922316 1.0
EDGE: 7 1 25 0 34.35798304952686 11.473039756155503 1.0
EDGE: 8 1 26 0 91.3244312281747 6.249149825759769 1.0
EDGE: 9 1 27 0 51.499320881850686 19.088017892400394 1.0
EDGE: 10 1 28 0 74.21501418391351 10.91331466532318 1.0
EDGE: 11 1 29 0 69.69788692674132 13.999963853066713 1.0
EDGE: 12 1 30 0 31.202644023668864 4.7507312727963225 1.0
EDGE: 13 1 31 0 86.36401320476484 18.033049055277363 1.0
EDGE: 14 1 32 1800 96.28290666396974 12.919789766357871 1.0
EDGE: 15 2 19 0 75.52246040610822 5.434552349326362 1.0
EDGE: 16 2 20 0 47.409969515959084 7.127591563574905 1.0
EDGE: 17 2 21 0 96.82400064943737 16.002881021071076 1.0
EDGE: 18 2 22 0 56.991631283581086 19.479860650995832 1.0
EDGE: 19 2 23 0 37.728995566665915 17.70527560169634 1.0
EDGE: 20 2 24 0 40.029001694033795 3.631090190487093 1.0
EDGE: 21 2 25 0 95.93328594882048 4.843794624798744 1.0
EDGE: 22 2 26 0 23.221185230804238 17.16851469208889 1.0
EDGE: 23 2 27 0 71.60670952346382 5.578169312834735 1.0
EDGE: 24 2 28 0 20.85520111780201 11.913498337067843 1.0
EDGE: 25 2 29 0 61.51454231174199 19.36413013688296 1.0
EDGE: 26 2 30 0 85.80152904761077 5.573940581141237 1.0
EDGE: 27 2 31 0 39.59218885269617 4.615786313419532 1.0
EDGE: 28 2 32 1400 56.435533689493056 6.931286648769141 1.0
EDGE: 29 3 19 0 61.04344691775666 3.6506651366928504 1.0
EDGE: 30 3 20 0 72.80511924868955 2.495738810730865 1.0
EDGE: 31 3 21 0 59.5326217116408 2.7259949000561416 1.0
EDGE: 32 3 22 0 77.86491338075379 13.313261859884301 1.0
EDGE: 33 3 23 0 29.540839993005385 3.7248325008421217 1.0
EDGE: 34 3 24 0 52.09727339441727 7.357977686397468 1.0
EDGE: 35 3 25 0 58.45685989819554 9.800621605553385 1.0
EDGE: 36 3 26 0 52.340469702563084 8.693541376423497 1.0
EDGE: 37 3 27 0 55.472681974439524 12.038784593368437 1.0
EDGE: 38 3 28 0 48.14432269099646 8.33709189521505 1.0
EDGE: 39 3 29 0 36.854294086205286 11.943934013175886 1.0
EDGE: 40 3 30 0 21.473615107530332 8.509375016407532 1.0
EDGE: 41 3 31 0 49.65783491394843 5.3112998356462295 1.0
EDGE: 42 3 32 2400 98.07960509138852 4.70462632070889 1.0
EDGE: 43 4 19 900 98.46152413166931 9.79097083448551 1.0
EDGE: 44 4 20 400 51.35993042948867 18.763811784164425 1.0
EDGE: 45 4 21 100 12.183639288643096 14.203533779448465 1.0
EDGE: 46 4 22 400 62.027244582309685 15.884821848213104 1.0
EDGE: 47 4 23 400 20.556865353516084 17.415715145501927 1.0
EDGE: 48 4 24 500 49.4068650076217 18.253205591504432 1.0
EDGE: 49 4 25 900 42.329332485401665 6.334612559741822 1.0
EDGE: 50 4 26 600 42.68376694870864 10.727046416572577 1.0
EDGE: 51 4 27 700 29.76264854415376 12.329109790255098 1.0
EDGE: 52 4 28 400 32.91924277794445 17.75956884411848 1.0
EDGE: 53 4 29 400 46.49724525721246 10.137072549363214 1.0
EDGE: 54 4 30 100 19.157507088724905 13.493068909651665 1.0
EDGE: 55 4 31 700 38.355342543543 17.066916792023033 1.0
EDGE: 56 4 32 300 84.44259243704947 15.707768372319807 1.0
EDGE: 57 5 19 0 89.15184119488326 14.052141260941479 1.0
EDGE: 58 5 20 0 90.06584073618853 16.059176878576963 1.0
EDGE: 59 5 21 0 86.0834812718816 17.867423178792457 1.0
EDGE: 60 5 22 0 38.864276867684474 11.787565546422204 1.0
EDGE: 61 5 23 0 81.76654221717524 11.564864167578337 1.0
EDGE: 62 5 24 0 20.89022516795891 9.833138519397147 1.0
EDGE: 63 5 25 0 52.4934200313341 14.938987135817921 1.0
EDGE: 64 5 26 0 27.27243724886359 12.040499585827634 1.0
EDGE: 65 5 27 0 24.778393052989767 11.579072204530398 1.0
EDGE: 66 5 28 0 30.58905895438703 13.886008198354833 1.0
EDGE: 67 5 29 0 34.76288017311888 4.817429439915549 1.0
EDGE: 68 5 30 0 32.572764591004926 15.911614486506346 1.0
EDGE: 69 5 31 0 37.55051174197955 4.632198020871062 1.0
EDGE: 70 5 32 2200 72.46834130688535 13.798774816965183 1.0
EDGE: 71 6 19 0 86.0423216925359 18.31326975080826 1.0
EDGE: 72 6 20 0 31.863064497929532 13.766030557796663 1.0
EDGE: 73 6 21 0 41.34237510389933 8.449929797810785 1.0
EDGE: 74 6 22 0 84.31015449193434 10.72385598968303 1.0
EDGE: 75 6 23 0 79.30413369365104 14.54880393737467 1.0
EDGE: 76 6 24 0 50.56564264836409 4.370358728231087 1.0
EDGE: 77 6 25 0 40.28790229632153 12.340714100119293 1.0
EDGE: 78 6 26 0 82.7589525477196 19.161433928888517 1.0
EDGE: 79 6 27 0 11.6996192543084 1.5850271103156657 1.0
EDGE: 80 6 28 0 83.31750496197728 3.838960310048271 1.0
EDGE: 81 6 29 0 55.381355906732736 19.930099408548838 1.0
EDGE: 82 6 30 0 56.96567038499635 3.9506360099729734 1.0
EDGE: 83 6 31 0 74.42380218411273 13.1384010871894 1.0
EDGE: 84 6 32 1600 16.618367756083686 17.545046701510664 1.0
EDGE: 85 7 19 900 26.471058567353747 9.73492472165057 1.0
EDGE: 86 7 20 100 66.4896351672709 12.975558459353651 1.0
EDGE: 87 7 21 900 83.08805768703893 7.8874627507889095 1.0
EDGE: 88 7 22 200 48.23647588135885 3.4966290778610394 1.0
EDGE: 89 7 23 800 87.26091637550438 13.077351952934599 1.0
EDGE: 90 7 24 900 48.458296734105275 2.0861355719548738 1.0
EDGE: 91 7 25 200 23.600532730503566 4.869279387986692 1.0
EDGE: 92 7 26 400 28.372245600371535 7.677305188864069 1.0
EDGE: 93 7 27 100 88.31975381337847 14.838740566202533 1.0
EDGE: 94 7 28 300 98.98477237367925 7.733849786641531 1.0
EDGE: 95 7 29 500 48.554397024586024 8.465745205044003 1.0
EDGE: 96 7 30 100 17.579708739604477 5.851893313766146 1.0
EDGE: 97 7 31 200 33.098474248826534 9.55336713871203 1.0
EDGE: 98 7 32 500 13.843197227430364 11.822288140485183 1.0
EDGE: 99 8 19 0 59.12389845986114 17.479723974020906 1.0
EDGE: 100 8 20 0 36.44576951435185 12.336911533380077 1.0
EDGE: 101 8 21 0 31.95501047787665 13.341990843100549 1.0
EDGE: 102 8 22 0 23.40189038505593 2.2725412797149054 1.0
EDGE: 103 8 23 0 87.46822769770945 13.801032572528957 1.0
EDGE: 104 8 24 0 42.02728274367287 9.235896515292337 1.0
EDGE: 105 8 25 0 89.18711425930802 3.185256495967541 1.0
EDGE: 106 8 26 0 66.81433599932468 10.803446018280086 1.0
EDGE: 107 8 27 0 84.64321404132906 16.162270937706747 1.0
EDGE: 108 8 28 0 86.04593400938597 9.639569598049604 1.0
EDGE: 109 8 29 0 38.07293320875365 2.036949753901228 1.0
EDGE: 110 8 30 0 80.4679760679367 4.4266730011965425 1.0
EDGE: 111 8 31 0 59.020804978239376 18.484494046026317 1.0
EDGE: 112 8 32 1600 69.84094656953718 17.290844653444402 1.0
EDGE: 113 9 19 900 28.919418638228866 15.277087044943142 1.0
EDGE: 114 9 20 400 85.69081018856612 1.1566550842839698 1.0
EDGE: 115 9 21 400 70.21637834459119 12.312729457956216 1.0
EDGE: 116 9 22 700 41.079576804863976 6.2146812659255675 1.0
EDGE: 117 9 23 300 85.11853684844287 18.00485793061936 1.0
EDGE: 118 9 24 100 30.715813686474455 1.4353639330293826 1.0
EDGE: 119 9 25 900 33.52386900637211 7.841335189723082 1.0
EDGE: 120 9 26 900 87.22545251298752 5.812779690107776 1.0
EDGE: 121 9 27 100 32.21128990886408 2.6714044683859948 1.0
EDGE: 122 9 28 500 61.9031707619339 10.771926771597775 1.0
EDGE: 123 9 29 300 99.85869195259659 6.029205698028436 1.0
EDGE: 124 9 30 800 50.764697053391195 15.92312055916185 1.0
EDGE: 125 9 31 700 24.959568053763157 1.552447059078038 1.0
EDGE: 126 9 32 700 99.22030991696722 11.09708710413783 1.0
EDGE: 127 10 19 0 36.208489293123066 7.30481932435222 1.0
EDGE: 128 10 20 0 11.189881587978094 8.344350335012955 1.0
EDGE: 129 10 21 0 97.42578474391965 17.560756354678492 1.0
EDGE: 130 10 22 0 20.979758425210868 4.33251181492023 1.0
EDGE: 131 10 23 0 81.59168976170976 9.361127906648264 1.0
EDGE: 132 10 24 0 48.74178597119143 5.325006696344501 1.0
EDGE: 133 10 25 0 41.06034602651536 5.89846287430691 1.0
EDGE: 134 10 26 0 52.83481517434901 4.674939692672446 1.0
EDGE: 135 10 27 0 83.52387603044326 3.540293229945665 1.0
EDGE: 136 10 28 0 54.9089703013551 16.51758966840999 1.0
EDGE: 137 10 29 0 15.7969320649905 11.049216644237083 1.0
EDGE: 138 10 30 0 56.033023776207685 8.095174635013748 1.0
EDGE: 139 10 31 0 19.991965870510455 17.308266493708288 1.0
EDGE: 140 10 32 2600 84.68516048599544 14.89747778684761 1.0
EDGE: 141 11 19 900 49.15557675726485 12.610187660476843 1.0
EDGE: 142 11 20 900 99.9274640494197 5.551921126452899 1.0
EDGE: 143 11 21 800 61.9362131942839 3.3192089556589366 1.0
EDGE: 144 11 22 900 35.584441786174025 18.146685473349848 1.0
EDGE: 145 11 23 500 88.3535756171758 2.4639084479592492 1.0
EDGE: 146 11 24 500 23.745861204108394 11.420466095218433 1.0
EDGE: 147 11 25 600 41.24000550939176 2.5697604054367025 1.0
EDGE: 148 11 26 700 48.41427844474222 19.002464879091715 1.0
EDGE: 149 11 27 200 20.424193085385884 17.789965086591586 1.0
EDGE: 150 11 28 500 12.617497305888037 2.636202194285435 1.0
EDGE: 151 11 29 200 79.22749332404179 2.1431482484748523 1.0
EDGE: 152 11 30 800 54.80633056477073 2.0707537530889875 1.0
EDGE: 153 11 31 400 65.34319273908919 6.41652721957306 1.0
EDGE: 154 11 32 900 72.85794044188299 6.052996611868701 1.0
EDGE: 155 12 19 0 80.66901328212099 10.043140172880967 1.0
EDGE: 156 12 20 0 46.50508634306484 18.604463814606277 1.0
EDGE: 157 12 21 0 57.16317363670985 9.011723980471718 1.0
EDGE: 158 12 22 0 71.51158689489974 1.5164010229903617 1.0
EDGE: 159 12 23 0 28.29433788513114 14.617844504589177 1.0
EDGE: 160 12 24 0 31.414314352631195 5.746614584250921 1.0
EDGE: 161 12 25 0 88.15572419698124 2.614864565011361 1.0
EDGE: 162 12 26 0 25.15202101961751 11.15170933549038 1.0
EDGE: 163 12 27 0 42.81373369604963 9.073349615561654 1.0
EDGE: 164 12 28 0 81.40132581581244 5.738310550337371 1.0
EDGE: 165 12 29 0 40.961379530808394 4.007499908542582 1.0
EDGE: 166 12 30 0 52.94017069257329 4.3668557277453015 1.0
EDGE: 167 12 31 0 73.44682869566762 14.577208755285683 1.0
EDGE: 168 12 32 2000 66.8590408331192 15.591562661449137 1.0
EDGE: 169 13 19 0 33.74740167192901 5.424331273200301 1.0
EDGE: 170 13 20 0 38.94029387521047 8.070156233998976 1.0
EDGE: 171 13 21 0 73.95929348527146 16.45177044712745 1.0
EDGE: 172 13 22 0 23.025878013774793 8.726953154271197 1.0
EDGE: 173 13 23 0 23.373369965880393 18.10395965762339 1.0
EDGE: 174 13 24 0 38.69377147955784 13.602897699453074 1.0
EDGE: 175 13 25 0 79.20733700621952 12.957349778028393 1.0
EDGE: 176 13 26 0 23.063452085271244 5.07614300888765 1.0
EDGE: 177 13 27 0 51.56457826451073 5.179481550116621 1.0
EDGE: 178 13 28 0 35.05070452488227 12.886767168626886 1.0
EDGE: 179 13 29 0 47.19001342365323 15.165246102424465 1.0
EDGE: 180 13 30 0 52.89208283469714 9.149225570570417 1.0
EDGE: 181 13 31 0 99.09324630210986 17.408925221252698 1.0
EDGE: 182 13 32 1800 78.25933771353921 2.286125812256301 1.0
EDGE: 183 14 19 0 51.609344868208005 7.420601639507972 1.0
EDGE: 184 14 20 0 22.784120075703758 15.56692251591113 1.0
EDGE: 185 14 21 0 42.96755262923408 9.245535624893071 1.0
EDGE: 186 14 22 0 45.3132819333788 1.6851269680488699 1.0
EDGE: 187 14 23 0 59.93824729523148 10.895105069101968 1.0
EDGE: 188 14 24 0 50.715073241720866 15.557622304857256 1.0
EDGE: 189 14 25 0 31.628466976000702 9.747896441184098 1.0
EDGE: 190 14 26 0 53.556560497140985 3.279678719978063 1.0
EDGE: 191 14 27 0 61.996284271942045 12.729542249562645 1.0
EDGE: 192 14 28 0 72.47256773364654 13.919264940800295 1.0
EDGE: 193 14 29 0 63.15440283197221 11.829903276070556 1.0
EDGE: 194 14 30 0 43.54646235503307 11.584247477090916 1.0
EDGE: 195 14 31 0 54.03321181215413 17.266183440632396 1.0
EDGE: 196 14 32 2600 83.52309784715972 8.946069499690264 1.0
EDGE: 197 15 19 0 71.47368152545076 7.350574285906541 1.0
EDGE: 198 15 20 0 16.17420831546033 13.153508922075481 1.0
EDGE: 199 15 21 0 13.320357844466436 19.871021328907673 1.0
EDGE: 200 15 22 0 67.63660243119324 1.8201040034933826 1.0
EDGE: 201 15 23 0 25.584808472735194 6.54370827799695 1.0
EDGE: 202 15 24 0 69.04342692114813 18.51884052558582 1.0
EDGE: 203 15 25 0 88.24980211574838 7.845848955722261 1.0
EDGE: 204 15 26 0 17.268850537074652 6.967700610774612 1.0
EDGE: 205 15 27 0 86.78455958568391 13.287385049311364 1.0
EDGE: 206 15 28 0 97.10645138004388 14.839656900373784 1.0
EDGE: 207 15 29 0 58.941367929312946 16.93018108647174 1.0
EDGE: 208 15 30 0 90.70163906999161 15.880715133477826 1.0
EDGE: 209 15 31 0 58.903883872553784 3.713310369907908 1.0
EDGE: 210 15 32 1600 12.558419446088383 9.769592383619578 1.0
EDGE: 211 16 19 400 93.35743175274614 5.893023692893182 1.0
EDGE: 212 16 20 400 50.94080177222933 18.902628473366097 1.0
EDGE: 213 16 21 700 66.55161619714485 12.656003204529526 1.0
EDGE: 214 16 22 800 78.98919033145319 5.037523061604393 1.0
EDGE: 215 16 23 300 53.92554466042307 14.714480931222708 1.0
EDGE: 216 16 24 100 11.372034232046223 18.479492384659583 1.0
EDGE: 217 16 25 100 76.3660035490122 14.441829277642587 1.0
EDGE: 218 16 26 900 54.79307797969235 4.2434365888259205 1.0
EDGE: 219 16 27 700 99.66885957574014 7.857209950186201 1.0
EDGE: 220 16 28 800 13.174522177694683 5.375719421310077 1.0
EDGE: 221 16 29 600 16.274040130878955 6.517875461037605 1.0
EDGE: 222 16 30 900 70.83638661821092 7.369142298822118 1.0
EDGE: 223 16 31 800 18.844377053556013 1.1277197066753524 1.0
EDGE: 224 16 32 700 99.49240457254298 2.3547174935951936 1.0
EDGE: 225 17 19 0 87.75862668595256 1.4206693723840338 1.0
EDGE: 226 17 20 0 47.3827680360657 1.5038274107055047 1.0
EDGE: 227 17 21 0 37.08900625008058 6.62751053320529 1.0
EDGE: 228 17 22 0 31.364017196565744 13.824366061250638 1.0
EDGE: 229 17 23 0 56.13352523139722 12.584743476933996 1.0
EDGE: 230 17 24 0 35.27639052881416 14.284456641748385 1.0
EDGE: 231 17 25 0 86.0734350452411 14.294060544278148 1.0
EDGE: 232 17 26 0 40.408971028935554 4.9473377852883385 1.0
EDGE: 233 17 27 0 83.82613534950043 5.4910407195932684 1.0
EDGE: 234 17 28 0 86.38290676991916 11.55101366884766 1.0
EDGE: 235 17 29 0 97.66380328255566 19.531653643894426 1.0
EDGE: 236 17 30 0 53.27304330349134 14.716262099474687 1.0
EDGE: 237 17 31 0 91.66809270708595 13.6551669251177 1.0
EDGE: 238 17 32 2000 58.28826285350111 9.716589393505323 1.0
EDGE: 239 18 19 200 18.591207960260547 11.432053239482029 1.0
EDGE: 240 18 20 100 42.830868496590654 13.493735656104995 1.0
EDGE: 241 18 21 100 33.19365426390355 10.955484728676888 1.0
EDGE: 242 18 22 900 28.255288829286965 13.35231177256648 1.0
EDGE: 243 18 23 800 40.628999470004274 7.085016990728974 1.0
EDGE: 244 18 24 100 21.14645003446575 8.51717355894977 1.0
EDGE: 245 18 25 900 46.945925825832965 5.801049461468231 1.0
EDGE: 246 18 26 600 11.43811565675736 15.487118771886237 1.0
EDGE: 247 18 27 800 11.277917833422638 8.478658397322029 1.0
EDGE: 248 18 28 200 79.19148668511319 7.868505205520712 1.0
EDGE: 249 18 29 300 81.79087896927356 5.639395343482171 1.0
EDGE: 250 18 30 500 18.354413884625842 13.122378831317429 1.0
EDGE: 251 18 31 900 49.95900523413085 5.489649704711083 1.0
EDGE: 252 18 32 500 68.32149955311968 4.408714597095388 1.0
EDGE: 253 19 33 600 30.239194217094035 13.304158251998624 1.0
EDGE: 254 19 34 100 46.61542656300783 9.461350488918336 1.0
EDGE: 255 19 35 200 74.71436257091018 15.463269950047065 1.0
EDGE: 256 19 36 600 48.50979387558891 8.177223276207117 1.0
EDGE: 257 19 37 500 54.77590967902206 7.702545682891912 1.0
EDGE: 258 19 38 200 51.91382388092185 12.353487534626817 1.0
EDGE: 259 19 39 600 84.41570778729734 16.88329715736623 1.0
EDGE: 260 19 40 0 18.33919862222808 3.756118581259779 1.0
EDGE: 261 19 41 0 72.1978838736533 13.342650931962572 1.0
EDGE: 262 19 42 0 33.26937483525711 19.453590684328045 1.0
EDGE: 263 19 43 400 71.48073664812858 14.63174057675086 1.0
EDGE: 264 19 44 300 51.751663695312125 13.099224245485761 1.0
EDGE: 265 19 45 100 60.95907206152751 2.200608523514362 1.0
EDGE: 266 19 46 500 97.53242050850562 18.595797988459143 1.0
EDGE: 267 19 47 600 60.097310773472316 18.338423018299647 1.0
EDGE: 268 19 48 700 76.55562286386692 7.3260146142964055 1.0
EDGE: 269 19 49 600 66.5236194420329 17.42759669017876 1.0
EDGE: 270 19 50 300 98.14516974237885 12.882422044129527 1.0
EDGE: 271 20 33 0 44.95545348393436 19.320401814464194 1.0
EDGE: 272 20 34 200 59.69120893331225 18.980373755074236 1.0
EDGE: 273 20 35 600 39.726754450332564 15.396680250618468 1.0
EDGE: 274 20 36 300 63.16080044350232 3.9876313210972922 1.0
EDGE: 275 20 37 100 55.487155468993144 13.61123478099803 1.0
EDGE: 276 20 38 600 14.253248060368751 8.254197335991437 1.0
EDGE: 277 20 39 500 93.14350294143276 5.589500821600482 1.0
EDGE: 278 20 40 400 17.52037523836774 19.175973761308335 1.0
EDGE: 279 20 41 600 30.61399094891658 4.580091034957172 1.0
EDGE: 280 20 42 500 53.2720982567977 5.675839680392184 1.0
EDGE: 281 20 43 400 50.46522393194528 3.8228060123378547 1.0
EDGE: 282 20 44 0 54.587577512512695 1.53574449229151 1.0
EDGE: 283 20 45 400 89.00255170633588 13.640704829458736 1.0
EDGE: 284 20 46 300 85.25227642613625 8.763402740835078 1.0
EDGE: 285 20 47 500 43.8839340424835 17.314828218177514 1.0
EDGE: 286 20 48 200 71.94124168239019 9.927197512848895 1.0
EDGE: 287 20 49 200 69.82769697581915 13.550172546758706 1.0
EDGE: 288 20 50 200 96.46890142607074 3.142869399333187 1.0
EDGE: 289 21 33 0 44.48446690879763 14.091501830312653 1.0
EDGE: 290 21 34 400 26.425715921406336 16.145601775724153 1.0
EDGE: 291 21 35 300 99.04360242763867 2.79759525618634 1.0
EDGE: 292 21 36 400 75.02196723804546 3.6310818015969173 1.0
EDGE: 293 21 37 400 80.64443738679778 19.23252664737643 1.0
EDGE: 294 21 38 500 33.459027165275 11.799140110077762 1.0
EDGE: 295 21 39 600 66.16263842058336 2.5825621654212294 1.0
EDGE: 296 21 40 0 71.64840131710561 10.783560336887675 1.0
EDGE: 297 21 41 0 19.442011222016973 5.457276781111818 1.0
EDGE: 298 21 42 500 85.59885711386846 16.401650559085887 1.0
EDGE: 299 21 43 0 36.54204064344195 4.883481052237301 1.0
EDGE: 300 21 44 400 82.29196243670722 6.407171615583212 1.0
EDGE: 301 21 45 100 36.07149560621607 5.55054953523734 1.0
EDGE: 302 21 46 600 65.36633660563895 15.180216219787376 1.0
EDGE: 303 21 47 500 24.178414048845116 14.11574958958947 1.0
EDGE: 304 21 48 0 67.43092907817952 16.537634261133164 1.0
EDGE: 305 21 49 0 16.266748609473783 19.128159778388994 1.0
EDGE: 306 21 50 0 97.32764562411838 7.097592684979373 1.0
EDGE: 307 22 33 100 70.01004124571898 1.8797730849231116 1.0
EDGE: 308 22 34 600 63.16361658631802 4.381872000993885 1.0
EDGE: 309 22 35 500 96.73237865401487 8.242379669577273 1.0
EDGE: 310 22 36 700 24.43343838251151 1.5894834211168565 1.0
EDGE: 311 22 37 400 40.726993338693624 12.298823112826199 1.0
EDGE: 312 22 38 300 69.0516929162572 1.725210234394709 1.0
EDGE: 313 22 39 500 48.582777615673 10.327219914011435 1.0
EDGE: 314 22 40 400 33.61605928821754 11.516658410702094 1.0
EDGE: 315 22 41 100 93.08906802489986 9.446742561904248 1.0
EDGE: 316 22 42 400 27.721321805369218 13.30341593537466 1.0
EDGE: 317 22 43 700 68.788962742555 16.983554672706532 1.0
EDGE: 318 22 44 500 45.64460007869927 13.831913935748535 1.0
EDGE: 319 22 45 600 48.751534161034336 8.3654924243641 1.0
EDGE: 320 22 46 200 31.22210453644251 7.639579617040279 1.0
EDGE: 321 22 47 600 54.63321599151791 8.104091683044507 1.0
EDGE: 322 22 48 0 74.23773844954927 1.4618801556875747 1.0
EDGE: 323 22 49 0 64.59868883566341 5.1725435842102225 1.0
EDGE: 324 22 50 500 79.14384242036371 3.845845161046853 1.0
EDGE: 325 23 33 400 16.171567050564693 17.838186033118042 1.0
EDGE: 326 23 34 300 69.43441517169452 2.903668693861533 1.0
EDGE: 327 23 35 400 33.58522359400446 19.75811204688223 1.0
EDGE: 328 23 36 700 63.49110859891535 16.889978027713997 1.0
EDGE: 329 23 37 100 51.70404159254469 13.89649688205197 1.0
EDGE: 330 23 38 400 10.2223101351566 3.0363663197271347 1.0
EDGE: 331 23 39 400 11.085409873468299 13.57223661940632 1.0
EDGE: 332 23 40 400 25.315633861554776 3.8267821807308255 1.0
EDGE: 333 23 41 0 21.252778695758145 17.69548755098536 1.0
EDGE: 334 23 42 300 21.424130059860232 2.6473714708658207 1.0
EDGE: 335 23 43 200 91.75009359167916 15.001703995696847 1.0
EDGE: 336 23 44 700 98.10650714672646 10.494358789960184 1.0
EDGE: 337 23 45 300 43.04790947255214 18.84177025876357 1.0
EDGE: 338 23 46 100 19.841719272878628 17.173574039483928 1.0
EDGE: 339 23 47 300 51.87150089862872 5.836812611784985 1.0
EDGE: 340 23 48 100 92.93818066942416 15.175205438292695 1.0
EDGE: 341 23 49 100 58.02128206604384 16.456294794535108 1.0
EDGE: 342 23 50 500 14.657968741681977 5.157380829940332 1.0
EDGE: 343 24 33 500 62.255857104621235 15.327983906197499 1.0
EDGE: 344 24 34 400 30.376295097704507 10.722166732749985 1.0
EDGE: 345 24 35 600 37.307986746865964 6.838380702570159 1.0
EDGE: 346 24 36 100 27.096556220449727 1.9175825820315953 1.0
EDGE: 347 24 37 700 86.60382347787524 13.33221574772741 1.0
EDGE: 348 24 38 700 44.14131471986849 11.649220606562647 1.0
EDGE: 349 24 39 600 67.75568848600885 2.9695917052515783 1.0
EDGE: 350 24 40 400 34.339471241341165 11.935065815938373 1.0
EDGE: 351 24 41 300 80.39873380687116 11.049380437134099 1.0
EDGE: 352 24 42 500 61.52997863728076 14.687112628032644 1.0
EDGE: 353 24 43 600 90.44178108535674 19.35745618638613 1.0
EDGE: 354 24 44 0 72.70238597097915 11.4533679416617 1.0
EDGE: 355 24 45 500 45.302660902296275 17.848366574967702 1.0
EDGE: 356 24 46 0 25.594552560125244 17.30383506027646 1.0
EDGE: 357 24 47 700 57.19835548984332 12.719030762054341 1.0
EDGE: 358 24 48 0 95.06780957078776 13.794076906998495 1.0
EDGE: 359 24 49 400 74.06027615821296 15.68306210585818 1.0
EDGE: 360 24 50 0 74.07991138094837 8.689945150968725 1.0
EDGE: 361 25 33 500 10.144965517420388 16.004306231193823 1.0
EDGE: 362 25 34 500 77.5760736703934 16.887074110006925 1.0
EDGE: 363 25 35 600 70.91054441724222 17.598186608247875 1.0
EDGE: 364 25 36 200 90.11841698672042 18.708731853553427 1.0
EDGE: 365 25 37 700 39.2292278872132 19.259458878697668 1.0
EDGE: 366 25 38 400 60.574122802552125 13.515621000644778 1.0
EDGE: 367 25 39 300 92.50620384834352 10.824959664391631 1.0
EDGE: 368 25 40 500 19.68262014316184 6.311224326554162 1.0
EDGE: 369 25 41 200 72.77520893665299 5.829945856978741 1.0
EDGE: 370 25 42 100 78.82211449346815 16.776288946897765 1.0
EDGE: 371 25 43 0 94.34108381081906 2.9666213070209904 1.0
EDGE: 372 25 44 200 10.795769687528555 14.916042352544487 1.0
EDGE: 373 25 45 400 86.03965368342334 1.4034408238518805 1.0
EDGE: 374 25 46 700 25.95784443120613 15.253734205691087 1.0
EDGE: 375 25 47 400 27.685221141959204 9.773788546275979 1.0
EDGE: 376 25 48 300 59.500132382616975 15.25409589639101 1.0
EDGE: 377 25 49 700 52.776000235278964 12.392619038201179 1.0
EDGE: 378 25 50 100 38.218963855136316 19.410315592046793 1.0
EDGE: 379 26 33 300 62.02779297324033 13.00966255769067 1.0
EDGE: 380 26 34 500 17.583132149168414 15.178120354471153 1.0
EDGE: 381 26 35 0 44.80622313363348 15.157781013232846 1.0
EDGE: 382 26 36 0 92.42303007010021 18.69055583741414 1.0
EDGE: 383 26 37 500 78.02785869899992 11.9050733660566 1.0
EDGE: 384 26 38 700 97.0612999594936 8.93706405750635 1.0
EDGE: 385 26 39 100 74.60048484379612 5.569322513170401 1.0
EDGE: 386 26 40 0 33.205357228236295 10.840447344978104 1.0
EDGE: 387 26 41 200 95.97291847366401 6.703373774729708 1.0
EDGE: 388 26 42 0 26.422027016242154 3.4153140124684924 1.0
EDGE: 389 26 43 100 85.86459338020076 4.410047920610561 1.0
EDGE: 390 26 44 500 74.51468280116765 17.94160106789674 1.0
EDGE: 391 26 45 100 64.74528622586998 18.795171923303336 1.0
EDGE: 392 26 46 100 53.623140662332894 16.836765970684056 1.0
EDGE: 393 26 47 700 47.135282830433596 9.117327682344925 1.0
EDGE: 394 26 48 400 20.36664907199925 3.6602403507608576 1.0
EDGE: 395 26 49 100 46.2962684723056 4.942911958236513 1.0
EDGE: 396 26 50 300 60.85029162265615 2.4337412286733535 1.0
EDGE: 397 27 33 200 13.383304037566644 15.365097993354116 1.0
EDGE: 398 27 34 200 39.85508824773651 5.211035629006005 1.0
EDGE: 399 27 35 0 30.628157648443405 17.095296446191 1.0
EDGE: 400 27 36 300 76.03214788368273 10.580743791478563 1.0
EDGE: 401 27 37 400 20.624323429140148 3.985705974878047 1.0
EDGE: 402 27 38 700 71.42113600255861 14.535787205889482 1.0
EDGE: 403 27 39 500 56.2840419678274 9.291551521004408 1.0
EDGE: 404 27 40 0 66.11341331589006 9.89306256999455 1.0
EDGE: 405 27 41 500 38.53763066334646 16.731597940024802 1.0
EDGE: 406 27 42 600 61.38013657157257 17.196947188687304 1.0
EDGE: 407 27 43 400 51.34542443383711 4.1555391526913095 1.0
EDGE: 408 27 44 700 47.08563549973629 3.790218753863517 1.0
EDGE: 409 27 45 0 26.092671856221404 7.376851171601221 1.0
EDGE: 410 27 46 0 91.70638298094455 8.485990351822327 1.0
EDGE: 411 27 47 0 69.93765301558582 1.4797081863714845 1.0
EDGE: 412 27 48 600 15.77585841101935 15.02425397154149 1.0
EDGE: 413 27 49 100 45.183384920514506 9.658549353726228 1.0
EDGE: 414 27 50 700 82.07564882851199 15.24662161111382 1.0
EDGE: 415 28 33 300 69.24317204623682 18.3988947682027 1.0
EDGE: 416 28 34 200 18.393054922052187 4.672864475294833 1.0
EDGE: 417 28 35 0 27.270355121148786 4.558002931276176 1.0
EDGE: 418 28 36 100 11.16555251856382 18.912835822422913 1.0
EDGE: 419 28 37 0 82.02256600999081 4.653961824362703 1.0
EDGE: 420 28 38 100 40.832398797805084 1.09737979395541 1.0
EDGE: 421 28 39 600 48.03076737794126 9.421811424380538 1.0
EDGE: 422 28 40 300 72.21371438820614 17.261813342053312 1.0
EDGE: 423 28 41 500 19.64344332695415 3.4452848126929956 1.0
EDGE: 424 28 42 0 35.73732857780476 11.365580615676276 1.0
EDGE: 425 28 43 500 75.01619621927165 18.422770670749635 1.0
EDGE: 426 28 44 0 87.83373824126895 6.38166621281551 1.0
EDGE: 427 28 45 0 50.617111185574004 16.37608049110076 1.0
EDGE: 428 28 46 0 41.319438883059775 9.63936765025346 1.0
EDGE: 429 28 47 0 43.31817907196683 12.860624004907168 1.0
EDGE: 430 28 48 300 29.089007231470347 6.354021244334541 1.0
EDGE: 431 28 49 600 69.64307293859568 18.985579410523997 1.0
EDGE: 432 28 50 600 76.93617567868351 12.02726660710557 1.0
EDGE: 433 29 33 100 34.24163122544685 12.802656383400292 1.0
EDGE: 434 29 34 700 63.82428269544975 7.151454002143267 1.0
EDGE: 435 29 35 400 12.161329957631896 3.372042840265091 1.0
EDGE: 436 29 36 200 40.42634689160282 19.401782170965078 1.0
EDGE: 437 29 37 700 61.98605351981832 8.564132446914538 1.0
EDGE: 438 29 38 500 89.25512538168557 15.249760823507454 1.0
EDGE: 439 29 39 400 69.41250873346328 19.405622285399364 1.0
EDGE: 440 29 40 100 12.203442348382158 8.681594038790724 1.0
EDGE: 441 29 41 200 53.33455220393018 9.528578943976596 1.0
EDGE: 442 29 42 300 53.81511560596843 1.4550766458392728 1.0
EDGE: 443 29 43 100 39.00578707053272 15.03106315342998 1.0
EDGE: 444 29 44 200 21.106775773656118 1.0785962919503327 1.0
EDGE: 445 29 45 400 65.3506890683031 10.807909675951594 1.0
EDGE: 446 29 46 600 33.26090921380391 6.445837656772085 1.0
EDGE: 447 29 47 100 15.994642844962032 17.160252994872298 1.0
EDGE: 448 29 48 0 37.010428062050266 7.809781094601295 1.0
EDGE: 449 29 49 100 66.08312363145367 1.2423962192385893 1.0
EDGE: 450 29 50 600 16.035077717221228 14.529586925603027 1.0
EDGE: 451 30 33 0 39.46040856228488 16.654612760596322 1.0
EDGE: 452 30 34 0 55.19000456408337 14.77396601046349 1.0
EDGE: 453 30 35 0 43.27807621336045 3.240480036272278 1.0
EDGE: 454 30 36 100 72.88677887409344 4.114622025176251 1.0
EDGE: 455 30 37 600 89.60364043207518 3.897331783732369 1.0
EDGE: 456 30 38 700 47.44721376212557 15.693365362667803 1.0
EDGE: 457 30 39 400 36.09961122551974 1.958430080600865 1.0
EDGE: 458 30 40 400 55.750243628371734 13.396489598842843 1.0
EDGE: 459 30 41 500 30.343305312232044 12.45544577833489 1.0
EDGE: 460 30 42 600 94.99224923150183 8.220004079508875 1.0
EDGE: 461 30 43 600 44.85771989047098 1.3198432063804761 1.0
EDGE: 462 30 44 400 40.88105594190507 2.75932021912901 1.0
EDGE: 463 30 45 200 82.42376741801087 9.331761393830117 1.0
EDGE: 464 30 46 200 28.08399030944238 19.506977565127844 1.0
EDGE: 465 30 47 500 43.744217813493854 7.3749886563354 1.0
EDGE: 466 30 48 700 31.25026239821893 17.392011890213354 1.0
EDGE: 467 30 49 600 72.02960497065139 2.306620671879151 1.0
EDGE: 468 30 50 100 57.428007390282886 18.744553206733134 1.0
EDGE: 469 31 33 600 51.57647014696958 5.499996769745199 1.0
EDGE: 470 31 34 400 43.19629079113355 13.619250444647621 1.0
EDGE: 471 31 35 700 19.90821856412489 12.869511775902842 1.0
EDGE: 472 31 36 600 12.332388610720642 11.161115641774773 1.0
EDGE: 473 31 37 500 35.54890478482385 16.93589035328732 1.0
EDGE: 474 31 38 700 82.33467300435565 4.44738028261894 1.0
EDGE: 475 31 39 0 46.00027483589641 19.240523869853035 1.0
EDGE: 476 31 40 100 20.621376525738583 18.988958474731785 1.0
EDGE: 477 31 41 500 52.99235851405213 16.167460555028644 1.0
EDGE: 478 31 42 100 53.72559431026812 1.825113987309971 1.0
EDGE: 479 31 43 300 84.57794453801506 11.981642890326427 1.0
EDGE: 480 31 44 700 65.3068073991221 15.894916922632486 1.0
EDGE: 481 31 45 300 46.14122326626685 3.641986816882876 1.0
EDGE: 482 31 46 700 11.299240254170835 12.119090584068152 1.0
EDGE: 483 31 47 400 84.89095579565189 19.69789486538954 1.0
EDGE: 484 31 48 200 83.0173819423159 14.375843229601074 1.0
EDGE: 485 31 49 100 54.908414597491124 15.327799631484455 1.0
EDGE: 486 31 50 100 71.53896727551029 18.304270976940508 1.0
EDGE: 487 32 33 200 22.32047663468277 19.328328711135974 1.0
EDGE: 488 32 34 400 19.18573330345555 11.618931503798953 1.0
EDGE: 489 32 35 200 82.66814026797432 2.612686811284186 1.0
EDGE: 490 32 36 400 36.42227762008289 15.369183444627842 1.0
EDGE: 491 32 37 500 35.04078453352449 6.526847424320986 1.0
EDGE: 492 32 38 600 64.99331041148508 12.326879094707012 1.0
EDGE: 493 32 39 500 20.046497755776684 10.042147092014433 1.0
EDGE: 494 32 40 100 30.61962201254067 13.436010560635447 1.0
EDGE: 495 32 41 200 11.188767926224658 7.632879602094537 1.0
EDGE: 496 32 42 600 41.073082710330326 5.007897675924692 1.0
EDGE: 497 32 43 400 31.719866505957757 14.397480170324432 1.0
EDGE: 498 32 44 700 37.95098516219857 18.09551767918132 1.0
EDGE: 499 32 45 200 21.541228140849988 4.7318951109807035 1.0
EDGE: 500 32 46 0 42.97003744938167 15.230562850164432 1.0
EDGE: 501 32 47 400 11.221130454638377 4.613729171982286 1.0
EDGE: 502 32 48 0 92.10031780460706 16.45682822462006 1.0
EDGE: 503 32 49 0 22.700005242501348 11.305766745396836 1.0
EDGE: 504 32 50 400 53.35951713949578 17.343513459762917 1.0
EOF
