NAME : null
NBR_NODES : 50
NBR_EDGES : 301
T : 152.61958734561995
# NODE: i x_i y_i b_i g_i s_i
# x_i, y_i : x, y of node i
# b_i : demand of node_i, <0 for depot, >0 for client, =0 for platforms
# g_i : cost for using node i, >0 only for platforms
# s_i : time for crossing node _i, >0 only for platforms
NODE: 1 10 10 -6 0.0 0.0
NODE: 2 10 20 -8 0.0 0.0
NODE: 3 10 30 -17 0.0 0.0
NODE: 4 10 40 -15 0.0 0.0
NODE: 5 10 50 -9 0.0 0.0
NODE: 6 10 60 -19 0.0 0.0
NODE: 7 10 70 -7 0.0 0.0
NODE: 8 10 80 -18 0.0 0.0
NODE: 9 10 90 -18 0.0 0.0
NODE: 10 10 100 -13 0.0 0.0
NODE: 11 10 110 -18 0.0 0.0
NODE: 12 10 120 -17 0.0 0.0
NODE: 13 10 130 -17 0.0 0.0
NODE: 14 10 140 -15 0.0 0.0
NODE: 15 10 150 -10 0.0 0.0
NODE: 16 10 160 -18 0.0 0.0
NODE: 17 10 170 -12 0.0 0.0
NODE: 18 10 180 -17 0.0 0.0
NODE: 19 10 190 -18 0.0 0.0
NODE: 20 50 10 0 37.79652164643166 1.0
NODE: 21 50 20 0 84.1783591336524 1.0
NODE: 22 50 30 0 91.78360972133814 1.0
NODE: 23 50 40 0 17.538642210830176 1.0
NODE: 24 50 50 0 38.811435145866184 1.0
NODE: 25 50 60 0 62.44300965914757 1.0
NODE: 26 50 70 0 73.41079387385875 1.0
NODE: 27 100 10 12 0.0 0.0
NODE: 28 100 20 14 0.0 0.0
NODE: 29 100 30 8 0.0 0.0
NODE: 30 100 40 14 0.0 0.0
NODE: 31 100 50 7 0.0 0.0
NODE: 32 100 60 11 0.0 0.0
NODE: 33 100 70 13 0.0 0.0
NODE: 34 100 80 12 0.0 0.0
NODE: 35 100 90 8 0.0 0.0
NODE: 36 100 100 10 0.0 0.0
NODE: 37 100 110 9 0.0 0.0
NODE: 38 100 120 12 0.0 0.0
NODE: 39 100 130 6 0.0 0.0
NODE: 40 100 140 5 0.0 0.0
NODE: 41 100 150 10 0.0 0.0
NODE: 42 100 160 5 0.0 0.0
NODE: 43 100 170 14 0.0 0.0
NODE: 44 100 180 8 0.0 0.0
NODE: 45 100 190 12 0.0 0.0
NODE: 46 100 200 7 0.0 0.0
NODE: 47 100 210 7 0.0 0.0
NODE: 48 100 220 8 0.0 0.0
NODE: 49 100 230 10 0.0 0.0
NODE: 50 100 240 50 0.0 0.0
# EDGE: k i j u_ij c_ij h_ij t_ij
# i : starting node of edge k
# j : ending node of edge k
# u_ij : capacity of edge (i,j)
# c_ij : fixed cost for the use of (i,j)
# h_ij : unit cost for (i,j)
# t_ij : delivery time for (i,j)
EDGE: 1 1 20 0 13.528384282156576 11.484430191001927 1.0
EDGE: 2 1 21 0 14.655683325632408 1.576445171732371 1.0
EDGE: 3 1 22 0 40.31550973882478 12.602891256333871 1.0
EDGE: 4 1 23 0 46.364915665518936 4.777252664110053 1.0
EDGE: 5 1 24 0 22.597934308769503 17.944636548917074 1.0
EDGE: 6 1 25 0 30.57837343145286 14.04012201537784 1.0
EDGE: 7 1 26 1200 83.3371929171134 12.811426814326445 1.0
EDGE: 8 2 20 400 43.71823487767449 3.309283822620554 1.0
EDGE: 9 2 21 500 11.095505499303606 11.640118213589265 1.0
EDGE: 10 2 22 700 60.68717309779041 10.435593629689938 1.0
EDGE: 11 2 23 800 95.75588233720005 12.422290807185675 1.0
EDGE: 12 2 24 800 30.611968034363095 1.3722532969707062 1.0
EDGE: 13 2 25 500 61.52556406865711 16.581339990876586 1.0
EDGE: 14 2 26 300 43.40559920964609 4.857291127971747 1.0
EDGE: 15 3 20 1200 22.418092573035565 7.803116990169296 1.0
EDGE: 16 3 21 1400 68.5931249352713 4.953889159919424 1.0
EDGE: 17 3 22 1900 27.90933072803008 16.066217048382335 1.0
EDGE: 18 3 23 400 30.346672869434368 14.569655439338622 1.0
EDGE: 19 3 24 900 98.96275473289178 17.86800721912202 1.0
EDGE: 20 3 25 200 15.174851032145888 16.825930114481586 1.0
EDGE: 21 3 26 1600 67.11930815968417 17.392486594130073 1.0
EDGE: 22 4 20 1000 71.21189408881082 16.89822302402918 1.0
EDGE: 23 4 21 1600 81.84716087366719 12.116075548828746 1.0
EDGE: 24 4 22 900 70.55183322558375 14.698877417926921 1.0
EDGE: 25 4 23 300 63.84664387953693 7.097424429985271 1.0
EDGE: 26 4 24 900 38.57305471818144 17.523049137679507 1.0
EDGE: 27 4 25 600 94.5057213395266 18.94733671065079 1.0
EDGE: 28 4 26 500 26.698494613912906 7.529096599771404 1.0
EDGE: 29 5 20 400 64.20127014954417 15.22490284079781 1.0
EDGE: 30 5 21 500 67.53684334578776 11.674480677248333 1.0
EDGE: 31 5 22 200 74.64151289665017 5.755934581053189 1.0
EDGE: 32 5 23 700 53.850016415642365 8.478258073561669 1.0
EDGE: 33 5 24 600 52.94488732454396 13.11979505702351 1.0
EDGE: 34 5 25 700 35.29226429459219 18.731270539614282 1.0
EDGE: 35 5 26 600 27.650677343242485 15.300720408734179 1.0
EDGE: 36 6 20 500 99.36616896057066 10.025121880210662 1.0
EDGE: 37 6 21 1000 19.356740342142732 15.249721619310604 1.0
EDGE: 38 6 22 300 15.540890162979201 9.721031935673981 1.0
EDGE: 39 6 23 1600 51.17959482239718 16.853168767669253 1.0
EDGE: 40 6 24 1000 13.977953761209506 8.729668969422033 1.0
EDGE: 41 6 25 1300 86.7322238949134 14.554140202222554 1.0
EDGE: 42 6 26 1700 42.809893594539474 3.2230444095065165 1.0
EDGE: 43 7 20 500 85.8148941991763 13.622641570025056 1.0
EDGE: 44 7 21 200 90.41705867617914 13.149574347689262 1.0
EDGE: 45 7 22 800 30.514283427844724 7.820781020512648 1.0
EDGE: 46 7 23 700 41.647916614983195 16.173394999963634 1.0
EDGE: 47 7 24 600 66.9062676448444 16.95899490118493 1.0
EDGE: 48 7 25 700 79.42812951833717 6.409024216284941 1.0
EDGE: 49 7 26 200 30.057638112580058 6.58942427892459 1.0
EDGE: 50 8 20 1800 55.703750043540225 12.072470541082225 1.0
EDGE: 51 8 21 1500 72.52209412212294 10.83252627034863 1.0
EDGE: 52 8 22 1200 58.163842684938494 5.9198755420689295 1.0
EDGE: 53 8 23 800 89.02581037574345 5.083022072056643 1.0
EDGE: 54 8 24 1500 11.687814261667672 8.094788219265181 1.0
EDGE: 55 8 25 300 62.537883170853206 11.091270911929094 1.0
EDGE: 56 8 26 1500 45.962810325782655 1.7551624495073002 1.0
EDGE: 57 9 20 1900 59.420985450682075 9.666164592728279 1.0
EDGE: 58 9 21 1300 53.216456761766786 8.6011733055757 1.0
EDGE: 59 9 22 1700 63.85752893578421 19.995638219401275 1.0
EDGE: 60 9 23 300 32.510271781242885 11.174943913021885 1.0
EDGE: 61 9 24 700 44.24665602562401 6.3308882423117865 1.0
EDGE: 62 9 25 1300 49.539067146461406 2.553278825386772 1.0
EDGE: 63 9 26 1000 36.76736840151507 18.53039298311711 1.0
EDGE: 64 10 20 400 13.381626946013991 11.80449543933 1.0
EDGE: 65 10 21 500 53.80309959746139 8.70982974829878 1.0
EDGE: 66 10 22 700 34.148006225676724 15.33044985504553 1.0
EDGE: 67 10 23 600 97.42306328060728 5.993980441159386 1.0
EDGE: 68 10 24 500 77.96874919721947 9.964846296945712 1.0
EDGE: 69 10 25 100 40.61566103851632 6.1167224669537354 1.0
EDGE: 70 10 26 600 88.27133110660745 15.448930888381057 1.0
EDGE: 71 11 20 400 61.46929147326957 1.3651950016734462 1.0
EDGE: 72 11 21 900 54.78914561265546 6.655656771962407 1.0
EDGE: 73 11 22 300 87.99584909346923 11.114237843836214 1.0
EDGE: 74 11 23 1000 74.24835583915846 8.683417547104966 1.0
EDGE: 75 11 24 200 63.792246086958656 15.947192778237829 1.0
EDGE: 76 11 25 1000 19.177903458916468 3.6904443684616375 1.0
EDGE: 77 11 26 600 77.2352461358971 7.109167360677766 1.0
EDGE: 78 12 20 1700 73.78800537206575 6.090953342909912 1.0
EDGE: 79 12 21 800 49.4049520741795 6.788846947346551 1.0
EDGE: 80 12 22 200 88.36245446535875 2.484148902715032 1.0
EDGE: 81 12 23 1000 48.43222649055582 14.474954170080512 1.0
EDGE: 82 12 24 1300 46.10999835896743 8.437165121019596 1.0
EDGE: 83 12 25 1800 70.46539311241048 10.383448900784755 1.0
EDGE: 84 12 26 400 88.92016828328981 4.9930448432801136 1.0
EDGE: 85 13 20 500 39.9514933796907 18.701561535983576 1.0
EDGE: 86 13 21 1000 10.968823275154955 16.52484950100002 1.0
EDGE: 87 13 22 200 84.42745207891463 10.144751936993947 1.0
EDGE: 88 13 23 1200 41.6187328855917 7.306994243621549 1.0
EDGE: 89 13 24 900 81.5164217528821 17.072690961951224 1.0
EDGE: 90 13 25 1200 81.5605420431699 19.92489771590018 1.0
EDGE: 91 13 26 200 18.32466310878026 3.160357349865829 1.0
EDGE: 92 14 20 1700 68.63936817488408 14.394046920626307 1.0
EDGE: 93 14 21 300 25.934221082023427 3.370339956449466 1.0
EDGE: 94 14 22 1500 32.31241110896214 11.609565219968625 1.0
EDGE: 95 14 23 200 54.18677590674312 9.72244673711257 1.0
EDGE: 96 14 24 200 38.18283860206169 9.497380942522181 1.0
EDGE: 97 14 25 1700 74.45390403983467 14.106705805357539 1.0
EDGE: 98 14 26 1400 66.55528845265384 18.988087338995165 1.0
EDGE: 99 15 20 300 10.589135665551405 16.13585727230977 1.0
EDGE: 100 15 21 800 71.45828424122188 1.6845900795681676 1.0
EDGE: 101 15 22 600 60.75706709688099 17.78343124644437 1.0
EDGE: 102 15 23 500 39.07888487195495 8.844635725519527 1.0
EDGE: 103 15 24 500 25.33487121479896 12.303498949684906 1.0
EDGE: 104 15 25 700 67.0548736737432 9.049312696636452 1.0
EDGE: 105 15 26 800 58.58149577758988 17.67819756669023 1.0
EDGE: 106 16 20 1700 58.569809246811545 17.67862113978725 1.0
EDGE: 107 16 21 800 64.26989341188319 19.589119039409468 1.0
EDGE: 108 16 22 200 87.69624448335048 6.065204777345628 1.0
EDGE: 109 16 23 1800 17.977560377101593 16.658656770352746 1.0
EDGE: 110 16 24 200 84.9324232079886 3.947336752450483 1.0
EDGE: 111 16 25 1200 11.230720538894165 4.457405684415907 1.0
EDGE: 112 16 26 700 34.37777763027145 15.592256938184088 1.0
EDGE: 113 17 20 400 95.1974537714764 5.523709188023654 1.0
EDGE: 114 17 21 600 96.49252599670724 1.7109494717483602 1.0
EDGE: 115 17 22 400 24.12509516616553 10.39144125581683 1.0
EDGE: 116 17 23 400 92.88668625846996 13.035457556039075 1.0
EDGE: 117 17 24 500 11.217206277690218 3.3721278007255946 1.0
EDGE: 118 17 25 900 62.083835317171214 15.179830943066108 1.0
EDGE: 119 17 26 300 32.1454280217565 4.587492301750476 1.0
EDGE: 120 18 20 1000 17.70489546662662 13.155793940152613 1.0
EDGE: 121 18 21 1500 93.89154528919605 7.498521776314298 1.0
EDGE: 122 18 22 1700 33.01728765131196 5.6642345911193 1.0
EDGE: 123 18 23 500 39.115053444163244 18.927149821072543 1.0
EDGE: 124 18 24 500 88.29475394655458 7.033602731825765 1.0
EDGE: 125 18 25 1600 88.74155341894587 14.316646154676679 1.0
EDGE: 126 18 26 1300 39.933153341886054 18.426316298225704 1.0
EDGE: 127 19 20 1200 17.96728904218483 5.726809527939056 1.0
EDGE: 128 19 21 300 92.76755536082578 5.6842628785027856 1.0
EDGE: 129 19 22 300 13.375129843738698 6.810055841431422 1.0
EDGE: 130 19 23 1600 19.535951021223408 2.9344985771037133 1.0
EDGE: 131 19 24 600 71.35731632575002 6.764496495672255 1.0
EDGE: 132 19 25 1700 73.93486208353325 9.826229341941715 1.0
EDGE: 133 19 26 1300 40.54028502474618 13.010100937350439 1.0
EDGE: 134 20 27 700 86.21219960710462 1.0201766810260295 1.0
EDGE: 135 20 28 1400 93.40687359052568 18.08403403834849 1.0
EDGE: 136 20 29 400 92.74265343241343 10.301413910717867 1.0
EDGE: 137 20 30 1000 84.81123326494634 17.00126864125932 1.0
EDGE: 138 20 31 200 23.53095355103502 9.436772455330816 1.0
EDGE: 139 20 32 800 57.58174831581399 16.076556971669127 1.0
EDGE: 140 20 33 100 44.08827894631357 9.647908728668206 1.0
EDGE: 141 20 34 1400 37.907293161749394 16.953867054902766 1.0
EDGE: 142 20 35 1300 20.627172971438757 1.3211272950675061 1.0
EDGE: 143 20 36 300 75.70210327390332 2.339365714088678 1.0
EDGE: 144 20 37 400 20.02022810739212 17.32505296395975 1.0
EDGE: 145 20 38 700 67.64462478856218 11.684052730068382 1.0
EDGE: 146 20 39 1400 88.46789581471269 2.057243976488333 1.0
EDGE: 147 20 40 300 93.08559812939438 19.81212901405692 1.0
EDGE: 148 20 41 400 95.32070779087312 9.090844459075326 1.0
EDGE: 149 20 42 500 35.52074929055916 1.241204081384367 1.0
EDGE: 150 20 43 300 91.00122344352833 1.042366179064194 1.0
EDGE: 151 20 44 900 74.82332999783056 16.690425818785876 1.0
EDGE: 152 20 45 1400 30.471036159533714 12.031693388935139 1.0
EDGE: 153 20 46 1200 57.931902527183006 11.022634860788706 1.0
EDGE: 154 20 47 400 76.18812032293403 12.855407164468314 1.0
EDGE: 155 20 48 700 98.18858826976643 4.616632654788027 1.0
EDGE: 156 20 49 100 16.999853673477148 1.744520899935688 1.0
EDGE: 157 20 50 1100 96.02318990431483 15.91565519640465 1.0
EDGE: 158 21 27 1300 51.91702713370517 12.327719543548957 1.0
EDGE: 159 21 28 400 36.178412300886585 7.648155529258639 1.0
EDGE: 160 21 29 500 80.21413311028029 1.1712014558568506 1.0
EDGE: 161 21 30 700 59.171561842128995 1.9669738255759777 1.0
EDGE: 162 21 31 1100 61.80128396018125 19.016209387194923 1.0
EDGE: 163 21 32 300 47.18798214302567 1.5030053613748757 1.0
EDGE: 164 21 33 100 74.31301742926267 10.585349598442205 1.0
EDGE: 165 21 34 1200 17.10159311482647 4.07944506108786 1.0
EDGE: 166 21 35 100 65.85936824645543 17.578792840800368 1.0
EDGE: 167 21 36 600 25.817794706880008 4.582715103218364 1.0
EDGE: 168 21 37 500 44.88445396392117 6.231447583626888 1.0
EDGE: 169 21 38 1000 25.63408148494836 15.236159216524065 1.0
EDGE: 170 21 39 100 31.077941485946326 8.552200196965106 1.0
EDGE: 171 21 40 200 39.81367430672513 7.272603788079324 1.0
EDGE: 172 21 41 800 13.78466182290402 17.116319980537273 1.0
EDGE: 173 21 42 1400 61.06745825619496 4.751877481687673 1.0
EDGE: 174 21 43 500 96.85771738484489 9.032117941841255 1.0
EDGE: 175 21 44 1200 88.13958338897443 15.019381702140038 1.0
EDGE: 176 21 45 1300 41.40038757252358 4.452951977358778 1.0
EDGE: 177 21 46 1100 18.192000686466443 17.05180912466988 1.0
EDGE: 178 21 47 100 50.34212668900308 12.755680241569767 1.0
EDGE: 179 21 48 1300 35.1832569139075 5.6861005016854165 1.0
EDGE: 180 21 49 1400 71.29399412780847 9.256647571923947 1.0
EDGE: 181 21 50 500 86.93687777708116 18.477734842714693 1.0
EDGE: 182 22 27 1000 46.62881019022002 14.086301233583963 1.0
EDGE: 183 22 28 200 36.09463155682177 19.684447568035594 1.0
EDGE: 184 22 29 500 52.23135267724386 7.593535999121666 1.0
EDGE: 185 22 30 1400 22.649988534484013 14.62147017475523 1.0
EDGE: 186 22 31 900 98.86391778370151 10.400850246195482 1.0
EDGE: 187 22 32 1400 58.25710660898087 12.384383043029157 1.0
EDGE: 188 22 33 1400 22.59254367617018 14.981419741759026 1.0
EDGE: 189 22 34 300 55.01062556150537 10.68567704460032 1.0
EDGE: 190 22 35 1400 93.21921961166295 11.37917320236644 1.0
EDGE: 191 22 36 1000 73.89160774461311 10.301119969740116 1.0
EDGE: 192 22 37 900 22.165382331541945 12.442967380779566 1.0
EDGE: 193 22 38 1400 60.57493648552818 14.372014799548598 1.0
EDGE: 194 22 39 700 13.75202862252372 7.69595695176401 1.0
EDGE: 195 22 40 1300 68.79345834782578 10.559451360576446 1.0
EDGE: 196 22 41 900 56.321741085404575 7.71124802893415 1.0
EDGE: 197 22 42 500 13.954221445041638 14.796638530286716 1.0
EDGE: 198 22 43 1300 62.14794192176742 3.614935823292322 1.0
EDGE: 199 22 44 400 92.20208052765969 13.135416973147652 1.0
EDGE: 200 22 45 1000 67.5766992719403 13.08761201941856 1.0
EDGE: 201 22 46 1200 52.62602036647592 3.9330394343135944 1.0
EDGE: 202 22 47 1300 87.3463828095575 8.985444220249477 1.0
EDGE: 203 22 48 1400 32.80348491759624 5.3753175797580015 1.0
EDGE: 204 22 49 1200 49.53049379654548 6.4519140273299085 1.0
EDGE: 205 22 50 700 20.37802557058754 12.082227647573763 1.0
EDGE: 206 23 27 800 80.0489696566459 19.141312002206 1.0
EDGE: 207 23 28 400 65.86559552762303 3.2920689446687854 1.0
EDGE: 208 23 29 300 78.19329162405911 17.92508046423531 1.0
EDGE: 209 23 30 900 64.3847948979618 14.870263631424132 1.0
EDGE: 210 23 31 1300 67.11068680814142 11.202101379555426 1.0
EDGE: 211 23 32 1100 16.506371427378888 7.138903578108321 1.0
EDGE: 212 23 33 100 35.69276597123177 9.684018739315274 1.0
EDGE: 213 23 34 700 80.91730089290178 6.2731252328803855 1.0
EDGE: 214 23 35 800 80.81387293783979 4.276692257227557 1.0
EDGE: 215 23 36 200 24.09475275302126 13.760413896783342 1.0
EDGE: 216 23 37 1100 61.364494308345584 14.428875040450247 1.0
EDGE: 217 23 38 1400 34.68526038986711 19.168928113271853 1.0
EDGE: 218 23 39 300 68.02501545372672 3.069208524829717 1.0
EDGE: 219 23 40 900 32.78440220406886 19.220939763673396 1.0
EDGE: 220 23 41 200 65.22515738286577 10.00263030129513 1.0
EDGE: 221 23 42 1100 26.812304181612564 7.917481850176025 1.0
EDGE: 222 23 43 100 54.23437174177435 5.387286284143279 1.0
EDGE: 223 23 44 1400 43.180282933906895 2.2102991330589896 1.0
EDGE: 224 23 45 1200 58.82856273445223 14.663042140198343 1.0
EDGE: 225 23 46 600 66.44394318313047 1.4671940284423282 1.0
EDGE: 226 23 47 600 67.47838573207468 7.05268925173354 1.0
EDGE: 227 23 48 500 90.13802790695419 11.726863357954816 1.0
EDGE: 228 23 49 800 88.50447861973414 13.506933195648664 1.0
EDGE: 229 23 50 1300 40.98835456072561 4.48931736566918 1.0
EDGE: 230 24 27 1100 47.1449245977437 13.714266948281026 1.0
EDGE: 231 24 28 1200 81.6961308973434 7.5379767352649765 1.0
EDGE: 232 24 29 400 85.98026158304104 10.546817506148896 1.0
EDGE: 233 24 30 100 19.98997642683424 17.03954001369527 1.0
EDGE: 234 24 31 1200 52.66133491604372 12.063256099317337 1.0
EDGE: 235 24 32 300 84.14095175303945 13.917717315878528 1.0
EDGE: 236 24 33 200 41.38533198782304 6.939876400959993 1.0
EDGE: 237 24 34 400 37.635917135557705 11.24691974391025 1.0
EDGE: 238 24 35 100 97.06529616349984 4.9509236901941325 1.0
EDGE: 239 24 36 300 18.204527208217282 7.162003934341466 1.0
EDGE: 240 24 37 500 93.638428441878 9.869274983370552 1.0
EDGE: 241 24 38 700 28.895175826149185 7.530161874823828 1.0
EDGE: 242 24 39 800 10.45850171986152 5.908559744264069 1.0
EDGE: 243 24 40 900 71.3952026666003 2.3810476178117197 1.0
EDGE: 244 24 41 200 43.21769140780476 5.577821896151398 1.0
EDGE: 245 24 42 600 54.29067890831945 12.841241932820447 1.0
EDGE: 246 24 43 500 98.34313988826742 2.569807225341932 1.0
EDGE: 247 24 44 1300 71.46107087416242 7.0691412871728465 1.0
EDGE: 248 24 45 600 42.31355923487592 1.053976191343014 1.0
EDGE: 249 24 46 500 48.30412108997331 1.4363700733178986 1.0
EDGE: 250 24 47 300 29.841199742046328 12.49533883215707 1.0
EDGE: 251 24 48 1400 25.986219492850477 2.9518026142146585 1.0
EDGE: 252 24 49 1300 77.3644746006736 10.870193518519114 1.0
EDGE: 253 24 50 200 36.41362771118308 4.674301084477748 1.0
EDGE: 254 25 27 500 50.796576987721195 12.899878561381705 1.0
EDGE: 255 25 28 1000 73.11980568023783 3.6102500747754194 1.0
EDGE: 256 25 29 200 88.97539264530883 17.673618851138997 1.0
EDGE: 257 25 30 600 55.76422698501074 15.341988133174125 1.0
EDGE: 258 25 31 600 66.76000063133597 19.781565632697543 1.0
EDGE: 259 25 32 400 68.43792481804863 7.383231591706872 1.0
EDGE: 260 25 33 800 54.21912365528482 10.829123627573143 1.0
EDGE: 261 25 34 700 94.471130133522 1.007578129805418 1.0
EDGE: 262 25 35 700 60.856773072030414 2.9536597849735333 1.0
EDGE: 263 25 36 100 22.93829954109079 7.046191469997938 1.0
EDGE: 264 25 37 600 76.32047073442146 17.714683484654284 1.0
EDGE: 265 25 38 600 94.55582947727625 16.90075310034087 1.0
EDGE: 266 25 39 1000 91.53731088237029 7.478596578777591 1.0
EDGE: 267 25 40 500 87.16779644267237 8.767783126791763 1.0
EDGE: 268 25 41 600 76.72318727227419 4.16910380336646 1.0
EDGE: 269 25 42 100 63.515009784426304 9.820414592820402 1.0
EDGE: 270 25 43 900 95.21051510917945 16.004379823168534 1.0
EDGE: 271 25 44 500 36.48272016508238 12.843725209758555 1.0
EDGE: 272 25 45 700 34.53974012844996 14.592084148327189 1.0
EDGE: 273 25 46 400 69.52226148003996 6.569711259868646 1.0
EDGE: 274 25 47 100 78.75994360223187 17.503321177601393 1.0
EDGE: 275 25 48 1000 12.441960647540569 3.7080026609955694 1.0
EDGE: 276 25 49 400 98.38389529662675 10.196631935017923 1.0
EDGE: 277 25 50 900 75.26262589049456 12.418411174394642 1.0
EDGE: 278 26 27 500 26.942796770191585 6.9131236730423735 1.0
EDGE: 279 26 28 500 45.33291641810726 15.72140805494022 1.0
EDGE: 280 26 29 400 75.58610794336558 3.913815273929669 1.0
EDGE: 281 26 30 1400 15.399927595943605 9.092617604427817 1.0
EDGE: 282 26 31 200 19.67170938772589 1.180307878244237 1.0
EDGE: 283 26 32 1100 22.830260314226066 18.237431562397138 1.0
EDGE: 284 26 33 700 53.791732244417084 7.449861644992187 1.0
EDGE: 285 26 34 200 72.6769482055881 4.791827256163066 1.0
EDGE: 286 26 35 800 64.17937996974777 5.2059817021092725 1.0
EDGE: 287 26 36 1200 59.78749465827159 9.445491188578346 1.0
EDGE: 288 26 37 1000 39.94203559582063 8.995600845115433 1.0
EDGE: 289 26 38 300 27.648383217706396 12.733334807362786 1.0
EDGE: 290 26 39 1300 47.06597937474142 13.19395538931122 1.0
EDGE: 291 26 40 1400 54.16133276847616 5.491506541060286 1.0
EDGE: 292 26 41 1400 11.63802859918436 10.088249236061595 1.0
EDGE: 293 26 42 700 67.04663896138408 5.72397877647975 1.0
EDGE: 294 26 43 1300 31.229395634112308 16.901197320784185 1.0
EDGE: 295 26 44 800 94.06889406474247 10.375819666683427 1.0
EDGE: 296 26 45 1400 65.88711015059397 17.125541946016202 1.0
EDGE: 297 26 46 100 35.78041798742064 8.259231700282491 1.0
EDGE: 298 26 47 1200 42.67827678608362 11.290638688057301 1.0
EDGE: 299 26 48 400 50.97769466443169 14.12845602090399 1.0
EDGE: 300 26 49 100 80.23252293928432 16.03220354026918 1.0
EDGE: 301 26 50 200 57.566132470995484 12.649635610910426 1.0
EOF
