NAME : null
NBR_NODES : 100
NBR_EDGES : 979
T : 112.11200395621486
# NODE: i x_i y_i b_i g_i s_i
# x_i, y_i : x, y of node i
# b_i : demand of node_i, <0 for depot, >0 for client, =0 for platforms
# g_i : cost for using node i, >0 only for platforms
# s_i : time for crossing node _i, >0 only for platforms
NODE: 1 10 10 -17 0.0 0.0
NODE: 2 10 20 -8 0.0 0.0
NODE: 3 10 30 -10 0.0 0.0
NODE: 4 10 40 -10 0.0 0.0
NODE: 5 10 50 -6 0.0 0.0
NODE: 6 10 60 -8 0.0 0.0
NODE: 7 10 70 -6 0.0 0.0
NODE: 8 10 80 -15 0.0 0.0
NODE: 9 10 90 -8 0.0 0.0
NODE: 10 10 100 -15 0.0 0.0
NODE: 11 10 110 -15 0.0 0.0
NODE: 12 10 120 -7 0.0 0.0
NODE: 13 10 130 -9 0.0 0.0
NODE: 14 10 140 -10 0.0 0.0
NODE: 15 10 150 -13 0.0 0.0
NODE: 16 10 160 -14 0.0 0.0
NODE: 17 10 170 -12 0.0 0.0
NODE: 18 10 180 -12 0.0 0.0
NODE: 19 10 190 -11 0.0 0.0
NODE: 20 10 200 -16 0.0 0.0
NODE: 21 10 210 -13 0.0 0.0
NODE: 22 10 220 -17 0.0 0.0
NODE: 23 10 230 -10 0.0 0.0
NODE: 24 10 240 -14 0.0 0.0
NODE: 25 10 250 -10 0.0 0.0
NODE: 26 10 260 -9 0.0 0.0
NODE: 27 10 270 -9 0.0 0.0
NODE: 28 10 280 -11 0.0 0.0
NODE: 29 10 290 -8 0.0 0.0
NODE: 30 10 300 -15 0.0 0.0
NODE: 31 10 310 -13 0.0 0.0
NODE: 32 10 320 -14 0.0 0.0
NODE: 33 10 330 -9 0.0 0.0
NODE: 34 10 340 -6 0.0 0.0
NODE: 35 10 350 -10 0.0 0.0
NODE: 36 10 360 -15 0.0 0.0
NODE: 37 10 370 -12 0.0 0.0
NODE: 38 10 380 -7 0.0 0.0
NODE: 39 10 390 -64 0.0 0.0
NODE: 40 50 10 0 79.9901319284618 1.0
NODE: 41 50 20 0 22.610282998119196 1.0
NODE: 42 50 30 0 85.57984499257662 1.0
NODE: 43 50 40 0 72.35272371399932 1.0
NODE: 44 50 50 0 67.88251695067771 1.0
NODE: 45 50 60 0 19.16832801752401 1.0
NODE: 46 50 70 0 75.81097333449308 1.0
NODE: 47 50 80 0 57.68545620892368 1.0
NODE: 48 50 90 0 26.64667248214455 1.0
NODE: 49 50 100 0 72.76172169731703 1.0
NODE: 50 50 110 0 44.241774669964045 1.0
NODE: 51 100 10 8 0.0 0.0
NODE: 52 100 20 14 0.0 0.0
NODE: 53 100 30 12 0.0 0.0
NODE: 54 100 40 12 0.0 0.0
NODE: 55 100 50 6 0.0 0.0
NODE: 56 100 60 6 0.0 0.0
NODE: 57 100 70 10 0.0 0.0
NODE: 58 100 80 12 0.0 0.0
NODE: 59 100 90 10 0.0 0.0
NODE: 60 100 100 12 0.0 0.0
NODE: 61 100 110 12 0.0 0.0
NODE: 62 100 120 9 0.0 0.0
NODE: 63 100 130 5 0.0 0.0
NODE: 64 100 140 7 0.0 0.0
NODE: 65 100 150 5 0.0 0.0
NODE: 66 100 160 13 0.0 0.0
NODE: 67 100 170 10 0.0 0.0
NODE: 68 100 180 9 0.0 0.0
NODE: 69 100 190 7 0.0 0.0
NODE: 70 100 200 11 0.0 0.0
NODE: 71 100 210 13 0.0 0.0
NODE: 72 100 220 14 0.0 0.0
NODE: 73 100 230 11 0.0 0.0
NODE: 74 100 240 12 0.0 0.0
NODE: 75 100 250 13 0.0 0.0
NODE: 76 100 260 9 0.0 0.0
NODE: 77 100 270 6 0.0 0.0
NODE: 78 100 280 12 0.0 0.0
NODE: 79 100 290 11 0.0 0.0
NODE: 80 100 300 10 0.0 0.0
NODE: 81 100 310 13 0.0 0.0
NODE: 82 100 320 12 0.0 0.0
NODE: 83 100 330 6 0.0 0.0
NODE: 84 100 340 11 0.0 0.0
NODE: 85 100 350 8 0.0 0.0
NODE: 86 100 360 7 0.0 0.0
NODE: 87 100 370 5 0.0 0.0
NODE: 88 100 380 7 0.0 0.0
NODE: 89 100 390 9 0.0 0.0
NODE: 90 100 400 9 0.0 0.0
NODE: 91 100 410 9 0.0 0.0
NODE: 92 100 420 14 0.0 0.0
NODE: 93 100 430 8 0.0 0.0
NODE: 94 100 440 8 0.0 0.0
NODE: 95 100 450 11 0.0 0.0
NODE: 96 100 460 10 0.0 0.0
NODE: 97 100 470 9 0.0 0.0
NODE: 98 100 480 6 0.0 0.0
NODE: 99 100 490 13 0.0 0.0
NODE: 100 100 500 12 0.0 0.0
# EDGE: k i j u_ij c_ij h_ij t_ij
# i : starting node of edge k
# j : ending node of edge k
# u_ij : capacity of edge (i,j)
# c_ij : fixed cost for the use of (i,j)
# h_ij : unit cost for (i,j)
# t_ij : delivery time for (i,j)
EOF
EDGE: 1 1 40 700 42.50345686395097 5.224581699720496 1.0
EDGE: 2 1 41 600 66.00782426499288 11.661774232952094 1.0
EDGE: 3 1 42 400 85.47825781127246 18.738549721267344 1.0
EDGE: 4 1 43 400 40.50470106441141 2.684330629935447 1.0
EDGE: 5 1 44 600 43.737560064912934 16.97016615962732 1.0
EDGE: 6 1 45 900 99.1693334419904 5.98303862208019 1.0
EDGE: 7 1 46 500 24.055458083376852 17.394031429903993 1.0
EDGE: 8 1 47 700 65.30234712038236 14.474119763669837 1.0
EDGE: 9 1 48 800 58.19153560628065 10.520512978458683 1.0
EDGE: 10 1 49 200 75.16246009511842 18.80941241796475 1.0
EDGE: 11 1 50 100 85.04229244294939 7.087727999766245 1.0
EDGE: 12 2 40 0 78.58990298749923 5.556726533570986 1.0
EDGE: 13 2 41 0 24.51192346682297 7.584761403895436 1.0
EDGE: 14 2 42 0 81.21246220042048 14.014169447113755 1.0
EDGE: 15 2 43 0 33.45403032104787 15.899091665376798 1.0
EDGE: 16 2 44 0 59.83573258511697 14.826413538075274 1.0
EDGE: 17 2 45 0 66.5358091249797 14.631192158804412 1.0
EDGE: 18 2 46 0 35.11913581668206 5.320873234972653 1.0
EDGE: 19 2 47 0 47.37628596979357 14.369275657298376 1.0
EDGE: 20 2 48 0 88.13927576364446 18.231758376587692 1.0
EDGE: 21 2 49 0 87.81017232667416 8.967152005711904 1.0
EDGE: 22 2 50 1600 39.94217296786178 11.229980628891287 1.0
EDGE: 23 3 40 0 35.62888466314027 15.618169051247422 1.0
EDGE: 24 3 41 0 65.68595957829682 8.426867362442565 1.0
EDGE: 25 3 42 0 83.65030240263262 3.2681987743867844 1.0
EDGE: 26 3 43 0 27.475588254324247 14.769668043006215 1.0
EDGE: 27 3 44 0 55.4688172400985 11.66065016924351 1.0
EDGE: 28 3 45 0 12.491135711581295 7.996808814217503 1.0
EDGE: 29 3 46 0 45.737260689195466 8.056463030385451 1.0
EDGE: 30 3 47 0 85.51121352232268 13.570871689815498 1.0
EDGE: 31 3 48 0 75.33223135789137 2.4220609393320562 1.0
EDGE: 32 3 49 0 77.43311981692159 6.757265217595417 1.0
EDGE: 33 3 50 2000 44.25442693299382 15.62823105607264 1.0
EDGE: 34 4 40 0 73.89123712240196 17.76655156615717 1.0
EDGE: 35 4 41 0 27.615508405356756 12.95289527738976 1.0
EDGE: 36 4 42 0 40.575262375433866 3.6284058149459364 1.0
EDGE: 37 4 43 0 82.56309145801333 14.930745605092294 1.0
EDGE: 38 4 44 0 14.349832683723507 5.215169425880167 1.0
EDGE: 39 4 45 0 16.49539053732609 13.34271040935777 1.0
EDGE: 40 4 46 0 61.77709867506447 10.582972969257773 1.0
EDGE: 41 4 47 0 39.41711924658292 8.888223439361308 1.0
EDGE: 42 4 48 0 39.14382443068369 14.548389091308586 1.0
EDGE: 43 4 49 0 95.78817057047286 16.833256462388515 1.0
EDGE: 44 4 50 2000 20.594553101656015 9.168593202621436 1.0
EDGE: 45 5 40 0 13.71666917048221 5.677096018832507 1.0
EDGE: 46 5 41 0 33.47242726330437 5.542993582619077 1.0
EDGE: 47 5 42 0 21.847945411182774 4.630821635246657 1.0
EDGE: 48 5 43 0 12.469209141330092 2.1043034246731946 1.0
EDGE: 49 5 44 0 36.800983794869495 12.45046329319369 1.0
EDGE: 50 5 45 0 96.68605690752966 9.317022037912984 1.0
EDGE: 51 5 46 0 16.503936368207206 9.917800167576688 1.0
EDGE: 52 5 47 0 66.20664576473895 17.451295890026074 1.0
EDGE: 53 5 48 0 97.2802329912237 3.01177262819037 1.0
EDGE: 54 5 49 0 67.28417727836865 7.850124866811924 1.0
EDGE: 55 5 50 1200 65.03686897402483 9.563476737790833 1.0
EDGE: 56 6 40 0 27.743831476006687 17.857885140591605 1.0
EDGE: 57 6 41 0 73.40642946421157 1.937709418274227 1.0
EDGE: 58 6 42 0 46.70224607613904 8.328136996015754 1.0
EDGE: 59 6 43 0 44.19440896215028 13.034029696114745 1.0
EDGE: 60 6 44 0 15.20557669691237 9.378687731325309 1.0
EDGE: 61 6 45 0 67.98339674646428 9.65031283387528 1.0
EDGE: 62 6 46 0 76.88768820782506 17.81187217960458 1.0
EDGE: 63 6 47 0 95.24567518750979 16.00175468996236 1.0
EDGE: 64 6 48 0 50.250062591225856 17.368028753937963 1.0
EDGE: 65 6 49 0 20.815811789488187 5.938306652464515 1.0
EDGE: 66 6 50 1600 96.66495537159591 3.730132570082566 1.0
EDGE: 67 7 40 0 27.07479797392777 18.153503160759676 1.0
EDGE: 68 7 41 0 80.70340944882237 14.947558312810015 1.0
EDGE: 69 7 42 0 83.6972959991717 3.427650128043125 1.0
EDGE: 70 7 43 0 41.8896335830059 1.6969399204098643 1.0
EDGE: 71 7 44 0 44.313555745784775 19.698346329294825 1.0
EDGE: 72 7 45 0 79.48334430872639 3.548094798871762 1.0
EDGE: 73 7 46 0 92.9375768441126 8.501306209398681 1.0
EDGE: 74 7 47 0 44.39162747662371 19.152984877996996 1.0
EDGE: 75 7 48 0 55.51305976899549 6.074449805686116 1.0
EDGE: 76 7 49 0 84.8118840020532 8.025680380663161 1.0
EDGE: 77 7 50 1200 74.42871802510906 13.168231212398222 1.0
EDGE: 78 8 40 700 54.70739254934336 10.331294229100564 1.0
EDGE: 79 8 41 200 36.35451717615815 6.355173687876373 1.0
EDGE: 80 8 42 200 46.71711743387981 14.851859895894691 1.0
EDGE: 81 8 43 100 26.250397418694615 8.381580142315954 1.0
EDGE: 82 8 44 200 13.60123881470604 8.04711708454754 1.0
EDGE: 83 8 45 100 52.89904210102387 6.854387531576214 1.0
EDGE: 84 8 46 400 64.82404351814856 14.878176490140806 1.0
EDGE: 85 8 47 100 13.814257605150358 9.306133187075737 1.0
EDGE: 86 8 48 800 77.37569312774002 3.8120312808374437 1.0
EDGE: 87 8 49 100 79.87653168609242 14.431005429414379 1.0
EDGE: 88 8 50 400 72.4344533662155 8.174885276715292 1.0
EDGE: 89 9 40 0 82.54731758160602 7.03494012550472 1.0
EDGE: 90 9 41 0 41.97092889749774 3.7722656082303816 1.0
EDGE: 91 9 42 0 19.01361970382704 12.992740491490045 1.0
EDGE: 92 9 43 0 91.89589495052154 18.44388799051012 1.0
EDGE: 93 9 44 0 33.11444364857333 8.255181942792888 1.0
EDGE: 94 9 45 0 80.85325178790193 3.9712442360674203 1.0
EDGE: 95 9 46 0 52.40066554669654 12.699075471423308 1.0
EDGE: 96 9 47 0 26.25969409184888 12.50588311491765 1.0
EDGE: 97 9 48 0 94.17988684598619 1.3632543246726134 1.0
EDGE: 98 9 49 0 51.692648782975475 8.436346965076822 1.0
EDGE: 99 9 50 1600 25.897836924090548 11.363456191272384 1.0
EDGE: 100 10 40 500 22.228033781819175 19.361739267692844 1.0
EDGE: 101 10 41 700 17.707884927091257 10.5290672263159 1.0
EDGE: 102 10 42 100 26.829410674738824 4.589889978180222 1.0
EDGE: 103 10 43 700 67.58022792806202 10.55469913009456 1.0
EDGE: 104 10 44 200 99.3900992167084 2.328083210532634 1.0
EDGE: 105 10 45 200 61.802310765277745 19.209564338097156 1.0
EDGE: 106 10 46 100 22.52979779892365 19.484324683261203 1.0
EDGE: 107 10 47 900 56.22205068937526 19.897622094495897 1.0
EDGE: 108 10 48 100 80.74728921313066 6.7471082863746625 1.0
EDGE: 109 10 49 100 36.085410779743086 19.611461174172245 1.0
EDGE: 110 10 50 900 52.030787239980974 19.36165648818966 1.0
EDGE: 111 11 40 100 54.81990531772553 2.0728904684350486 1.0
EDGE: 112 11 41 700 49.52748126509795 3.7706017272441263 1.0
EDGE: 113 11 42 800 54.61558308857545 7.6032024916789505 1.0
EDGE: 114 11 43 900 97.37386596611461 4.0370782703438035 1.0
EDGE: 115 11 44 100 44.15507247029283 15.016083430673078 1.0
EDGE: 116 11 45 500 27.288369688471594 9.718190691087626 1.0
EDGE: 117 11 46 100 71.344218858582 8.576135784655127 1.0
EDGE: 118 11 47 500 45.02790275140011 1.6068297239513072 1.0
EDGE: 119 11 48 800 81.39490968545283 9.815979998308375 1.0
EDGE: 120 11 49 100 88.30985070126698 15.509806886033045 1.0
EDGE: 121 11 50 500 43.11162629787808 10.754908921653353 1.0
EDGE: 122 12 40 0 80.30107139234694 10.980268287585364 1.0
EDGE: 123 12 41 0 28.733294484703254 15.812060508004572 1.0
EDGE: 124 12 42 0 55.27549266129048 1.672368791148182 1.0
EDGE: 125 12 43 0 45.18199906975916 5.457079328120256 1.0
EDGE: 126 12 44 0 55.54183661829213 15.736162552015143 1.0
EDGE: 127 12 45 0 67.07011625446256 19.39123160389033 1.0
EDGE: 128 12 46 0 81.2430492163163 10.42068671145635 1.0
EDGE: 129 12 47 0 24.31744186834806 10.801949011204705 1.0
EDGE: 130 12 48 0 37.12900738949132 2.8032046093848133 1.0
EDGE: 131 12 49 0 59.72985378811471 1.9837649644197977 1.0
EDGE: 132 12 50 1400 92.90404017723678 18.312578917643318 1.0
EDGE: 133 13 40 0 44.39108735418264 12.36861311118516 1.0
EDGE: 134 13 41 0 96.25085288904116 14.464739220305677 1.0
EDGE: 135 13 42 0 61.21919892571732 13.758459252782844 1.0
EDGE: 136 13 43 0 30.132399443633915 17.97821684870655 1.0
EDGE: 137 13 44 0 79.53923940617514 1.303230614739019 1.0
EDGE: 138 13 45 0 18.473276514767576 15.187713621009268 1.0
EDGE: 139 13 46 0 36.023752442910805 7.517017505008359 1.0
EDGE: 140 13 47 0 26.822183946801573 14.423677435586937 1.0
EDGE: 141 13 48 0 29.852606392407456 5.375510576685572 1.0
EDGE: 142 13 49 0 57.097051223841 19.77584443153562 1.0
EDGE: 143 13 50 1800 92.44377676632688 12.287644910396697 1.0
EDGE: 144 14 40 0 38.01433891635304 2.4087264695972728 1.0
EDGE: 145 14 41 0 94.60658355607474 8.484420786693057 1.0
EDGE: 146 14 42 0 75.30413165282036 17.34700520398249 1.0
EDGE: 147 14 43 0 16.46901020936213 10.117865427109932 1.0
EDGE: 148 14 44 0 38.31253757532436 10.398808525589086 1.0
EDGE: 149 14 45 0 18.03060128038368 15.11311194445927 1.0
EDGE: 150 14 46 0 92.09300345054308 4.634829939301502 1.0
EDGE: 151 14 47 0 40.69255278660042 19.566555675748575 1.0
EDGE: 152 14 48 0 26.588066430026757 11.591266514305893 1.0
EDGE: 153 14 49 0 42.61653453853986 3.2330631473680596 1.0
EDGE: 154 14 50 2000 27.003122797488885 5.114539509131769 1.0
EDGE: 155 15 40 900 13.263800137555346 15.395199649940537 1.0
EDGE: 156 15 41 700 61.973791693917555 15.515771470061624 1.0
EDGE: 157 15 42 300 14.966178222689656 3.1574437359855456 1.0
EDGE: 158 15 43 200 38.628395820198534 7.452981781203912 1.0
EDGE: 159 15 44 700 71.88045439347951 16.958360138672433 1.0
EDGE: 160 15 45 900 16.14717264732465 7.708976588286312 1.0
EDGE: 161 15 46 100 19.177780975742195 7.843695602666044 1.0
EDGE: 162 15 47 600 61.919733440016884 3.7828952160256755 1.0
EDGE: 163 15 48 800 77.8195898590164 12.793371248755195 1.0
EDGE: 164 15 49 500 76.90235344898045 12.96338744396023 1.0
EDGE: 165 15 50 300 62.77164892545946 9.14533440609628 1.0
EDGE: 166 16 40 800 29.276664892353907 4.301387299626219 1.0
EDGE: 167 16 41 600 15.007776861456072 15.909246506543768 1.0
EDGE: 168 16 42 600 68.01129651899134 6.650451929962295 1.0
EDGE: 169 16 43 100 30.154797192590348 17.51296728524042 1.0
EDGE: 170 16 44 600 10.428018633643074 18.69263559821579 1.0
EDGE: 171 16 45 100 49.13028455471442 12.274809475401431 1.0
EDGE: 172 16 46 400 60.37399437361655 6.6178680750393335 1.0
EDGE: 173 16 47 800 38.62467800679542 17.644532027321986 1.0
EDGE: 174 16 48 400 46.10164716666804 13.874803365782038 1.0
EDGE: 175 16 49 100 21.77931909213967 2.0060393861740824 1.0
EDGE: 176 16 50 800 69.45774583025931 13.161111015445432 1.0
EDGE: 177 17 40 100 71.91196598434712 2.584754717060971 1.0
EDGE: 178 17 41 200 80.48324741678135 9.571176641113423 1.0
EDGE: 179 17 42 900 44.64136087061016 9.752638717165016 1.0
EDGE: 180 17 43 800 54.02547981886369 15.569180111178682 1.0
EDGE: 181 17 44 900 16.262407943680174 19.773822045018377 1.0
EDGE: 182 17 45 100 37.464210274341966 17.205520993956412 1.0
EDGE: 183 17 46 800 78.72352373241418 16.783816919607922 1.0
EDGE: 184 17 47 800 81.1531583156732 17.744562101545345 1.0
EDGE: 185 17 48 600 54.05772854161295 10.545280024613723 1.0
EDGE: 186 17 49 900 85.67854959479058 2.6216532487923585 1.0
EDGE: 187 17 50 800 73.61901592063012 14.273295243274182 1.0
EDGE: 188 18 40 800 72.53622420118617 16.39741497156548 1.0
EDGE: 189 18 41 200 19.975611176255025 3.5731434045410473 1.0
EDGE: 190 18 42 700 57.328896574765565 15.12723625521287 1.0
EDGE: 191 18 43 700 81.81162701560227 16.283528556944578 1.0
EDGE: 192 18 44 600 77.08512824047293 17.313970405804586 1.0
EDGE: 193 18 45 200 14.688723981749588 6.7682292248814075 1.0
EDGE: 194 18 46 100 45.80154676376649 17.361787503426626 1.0
EDGE: 195 18 47 300 33.01930589608081 3.949145437794666 1.0
EDGE: 196 18 48 400 34.80991171652566 4.199154688070221 1.0
EDGE: 197 18 49 600 71.10282913632926 6.1237061648110105 1.0
EDGE: 198 18 50 500 67.07057111075378 14.488913617585329 1.0
EDGE: 199 19 40 900 23.576787480233993 19.359610634963772 1.0
EDGE: 200 19 41 800 66.99385209271612 2.593427056046368 1.0
EDGE: 201 19 42 600 88.13393055668415 5.009866335273443 1.0
EDGE: 202 19 43 500 89.89099708065466 17.212755013654277 1.0
EDGE: 203 19 44 600 85.85728232813005 19.641101272084626 1.0
EDGE: 204 19 45 400 77.656161646077 1.3638390498913213 1.0
EDGE: 205 19 46 600 77.02451027006123 18.41810974890486 1.0
EDGE: 206 19 47 400 29.781049782491444 19.11865643510206 1.0
EDGE: 207 19 48 500 22.73323379955434 13.737605707118695 1.0
EDGE: 208 19 49 200 61.303767905154096 7.2693132976277965 1.0
EDGE: 209 19 50 100 45.19880451378059 12.654153499899769 1.0
EDGE: 210 20 40 200 21.79344170974425 16.83805218308791 1.0
EDGE: 211 20 41 400 72.07613539108704 16.391239245494845 1.0
EDGE: 212 20 42 100 81.97214437647338 14.10013480083466 1.0
EDGE: 213 20 43 800 12.657153760333426 8.980457301716578 1.0
EDGE: 214 20 44 300 27.07574931442619 6.5375718451489435 1.0
EDGE: 215 20 45 200 16.295406240784665 18.8217785468448 1.0
EDGE: 216 20 46 500 58.55520027680201 9.891670150792766 1.0
EDGE: 217 20 47 700 25.909419291987028 18.70786665667219 1.0
EDGE: 218 20 48 700 78.21983148787022 4.232363832727768 1.0
EDGE: 219 20 49 300 21.916336199853813 4.605416282506738 1.0
EDGE: 220 20 50 500 31.42424201169645 12.712298961810353 1.0
EDGE: 221 21 40 900 34.44744553777679 9.236476630207296 1.0
EDGE: 222 21 41 400 38.400322805288155 4.423638850955883 1.0
EDGE: 223 21 42 900 14.197091754137496 1.2527330710153044 1.0
EDGE: 224 21 43 800 55.33599097763555 11.52556502446272 1.0
EDGE: 225 21 44 300 34.7566077354684 5.545713540162751 1.0
EDGE: 226 21 45 700 89.30218208808627 19.56043089415533 1.0
EDGE: 227 21 46 300 61.78477541933967 5.985888248749479 1.0
EDGE: 228 21 47 800 33.629671769336184 11.626549302161601 1.0
EDGE: 229 21 48 300 76.86640133259354 13.633634702628127 1.0
EDGE: 230 21 49 700 12.837305001117103 19.825576191741728 1.0
EDGE: 231 21 50 300 16.410566102630128 4.215030466665445 1.0
EDGE: 232 22 40 300 78.71315134623586 4.152457834563767 1.0
EDGE: 233 22 41 300 88.44010732472415 3.4054497733881504 1.0
EDGE: 234 22 42 200 11.65020537873285 10.745915059164751 1.0
EDGE: 235 22 43 900 72.62390355025587 14.21392570657696 1.0
EDGE: 236 22 44 700 93.83814592194877 2.1674306349431114 1.0
EDGE: 237 22 45 400 11.403512743865305 17.511255615988283 1.0
EDGE: 238 22 46 900 53.412748515834345 11.126707735541101 1.0
EDGE: 239 22 47 200 42.56574035048783 15.494805689764888 1.0
EDGE: 240 22 48 900 61.16449490614302 19.821569458110844 1.0
EDGE: 241 22 49 600 26.112693673041566 16.6329967291071 1.0
EDGE: 242 22 50 700 33.90795586993082 16.81027029510431 1.0
EDGE: 243 23 40 0 90.78087155018672 17.382432289523887 1.0
EDGE: 244 23 41 0 91.11349184055524 4.084181749224149 1.0
EDGE: 245 23 42 0 98.06087486867412 2.7206377849374883 1.0
EDGE: 246 23 43 0 83.90286575150861 16.758831057154467 1.0
EDGE: 247 23 44 0 94.06929561688257 11.287384034770655 1.0
EDGE: 248 23 45 0 98.0102810463217 13.551248276217938 1.0
EDGE: 249 23 46 0 62.12432642816569 11.677559461898147 1.0
EDGE: 250 23 47 0 74.81046542541071 13.961604804848259 1.0
EDGE: 251 23 48 0 11.376674472145586 6.1785603163217155 1.0
EDGE: 252 23 49 0 47.015309924342525 7.827102696294194 1.0
EDGE: 253 23 50 2000 19.347342429694294 3.9951712014289464 1.0
EDGE: 254 24 40 600 78.14066981279373 3.6660843881462997 1.0
EDGE: 255 24 41 300 48.72382352936599 4.754900889303235 1.0
EDGE: 256 24 42 700 97.34485501358934 16.980337071010887 1.0
EDGE: 257 24 43 900 11.2662820982004 4.836742729163617 1.0
EDGE: 258 24 44 400 23.740389038454218 13.433553249943413 1.0
EDGE: 259 24 45 400 34.175288732884745 5.816330156281956 1.0
EDGE: 260 24 46 100 56.780602361341465 16.573921014160838 1.0
EDGE: 261 24 47 500 96.77265807486575 9.070454765162788 1.0
EDGE: 262 24 48 100 41.822619779955836 5.5188139207458855 1.0
EDGE: 263 24 49 800 27.846968353682907 4.333915330917854 1.0
EDGE: 264 24 50 500 82.4682895814251 11.769541975175134 1.0
EDGE: 265 25 40 0 66.51530598824868 2.751668498524352 1.0
EDGE: 266 25 41 0 93.78464289648457 12.074139984630284 1.0
EDGE: 267 25 42 0 51.95281373979464 17.719245701751092 1.0
EDGE: 268 25 43 0 63.00541965873953 17.006161703415017 1.0
EDGE: 269 25 44 0 99.84159978780657 15.55441311856593 1.0
EDGE: 270 25 45 0 16.815250223922646 18.67744033316239 1.0
EDGE: 271 25 46 0 65.89057079996552 14.793030306463693 1.0
EDGE: 272 25 47 0 66.81802437184581 16.752796396086897 1.0
EDGE: 273 25 48 0 69.27774569686585 4.65209295975086 1.0
EDGE: 274 25 49 0 27.291046804246857 4.6846488724521524 1.0
EDGE: 275 25 50 2000 51.36661385307942 3.952912459444591 1.0
EDGE: 276 26 40 0 11.826500802947034 11.83551076206934 1.0
EDGE: 277 26 41 0 57.548119245770096 16.547413552552456 1.0
EDGE: 278 26 42 0 17.961819832071967 16.90632708441287 1.0
EDGE: 279 26 43 0 72.5598054586812 5.0405077860265 1.0
EDGE: 280 26 44 0 41.400506853662584 8.838632088776375 1.0
EDGE: 281 26 45 0 62.13368897110259 9.351524456841164 1.0
EDGE: 282 26 46 0 33.92496157784618 1.108489209935778 1.0
EDGE: 283 26 47 0 86.32445397768599 9.407654580073176 1.0
EDGE: 284 26 48 0 31.60291107273074 19.08018501986227 1.0
EDGE: 285 26 49 0 12.369480512878209 10.012384398674783 1.0
EDGE: 286 26 50 1800 82.38895500487831 8.837645665588065 1.0
EDGE: 287 27 40 0 87.43231454854286 13.68188795136057 1.0
EDGE: 288 27 41 0 74.72282965270011 19.66154293849787 1.0
EDGE: 289 27 42 0 54.08111530786902 7.9923403583909005 1.0
EDGE: 290 27 43 0 41.225933479584626 10.070062853540886 1.0
EDGE: 291 27 44 0 93.85365024265886 3.7311305431392947 1.0
EDGE: 292 27 45 0 94.09768823425027 19.09129892900017 1.0
EDGE: 293 27 46 0 66.76040577415327 12.894930943956853 1.0
EDGE: 294 27 47 0 71.31328440010412 5.185245168729695 1.0
EDGE: 295 27 48 0 17.077366139576608 12.327603642026224 1.0
EDGE: 296 27 49 0 75.22438160833704 8.983354759643742 1.0
EDGE: 297 27 50 1800 78.2800237506938 19.540903715621905 1.0
EDGE: 298 28 40 900 47.664332282551776 8.763632266756348 1.0
EDGE: 299 28 41 400 92.47019955809884 13.01095372558918 1.0
EDGE: 300 28 42 600 58.15947431922133 1.3292302931915982 1.0
EDGE: 301 28 43 700 92.14721201709455 3.9934536814842687 1.0
EDGE: 302 28 44 700 34.34807649447604 9.708517962779355 1.0
EDGE: 303 28 45 700 24.674975160539297 1.6506008178710627 1.0
EDGE: 304 28 46 900 26.208475025441388 8.844590352363792 1.0
EDGE: 305 28 47 700 92.29658113832708 17.03268084055746 1.0
EDGE: 306 28 48 800 48.19799101159583 12.192186656122445 1.0
EDGE: 307 28 49 900 43.04792425954767 9.207305680071794 1.0
EDGE: 308 28 50 700 95.90416383160908 15.889989464926868 1.0
EDGE: 309 29 40 0 90.4219507307399 4.579264366798489 1.0
EDGE: 310 29 41 0 56.309889550577914 14.926267705284442 1.0
EDGE: 311 29 42 0 42.13505961032941 17.193953146728468 1.0
EDGE: 312 29 43 0 63.27399471925427 6.465838027429943 1.0
EDGE: 313 29 44 0 80.84726264199243 10.567358105611902 1.0
EDGE: 314 29 45 0 72.32885004288447 14.256310159888082 1.0
EDGE: 315 29 46 0 92.18761842875303 13.335556278907776 1.0
EDGE: 316 29 47 0 61.39654424297051 1.7815846498292536 1.0
EDGE: 317 29 48 0 37.93655330442154 11.766703560681833 1.0
EDGE: 318 29 49 0 36.525207166870416 2.5805751599080975 1.0
EDGE: 319 29 50 1600 24.71657162368841 6.92847977723928 1.0
EDGE: 320 30 40 900 34.24703934892257 2.899119069393155 1.0
EDGE: 321 30 41 300 91.0429886146013 2.053960512693102 1.0
EDGE: 322 30 42 700 64.65959885653268 9.593048125594084 1.0
EDGE: 323 30 43 700 28.08618113866486 13.398879682007992 1.0
EDGE: 324 30 44 900 51.83193145865503 18.950390679251456 1.0
EDGE: 325 30 45 700 21.996966032961943 12.63325852584507 1.0
EDGE: 326 30 46 300 30.637080868509265 5.850667199062357 1.0
EDGE: 327 30 47 900 48.14663960101436 17.560364031820185 1.0
EDGE: 328 30 48 900 71.61255369857636 19.42925272242232 1.0
EDGE: 329 30 49 600 20.133269821870893 1.7059666524986636 1.0
EDGE: 330 30 50 800 57.95030739567082 1.1647748740473152 1.0
EDGE: 331 31 40 300 18.9057580803346 1.0708712249387755 1.0
EDGE: 332 31 41 900 91.21781366590811 10.05751558867609 1.0
EDGE: 333 31 42 800 39.857296185981824 3.0896800619072824 1.0
EDGE: 334 31 43 300 74.91176364570798 5.316782762979117 1.0
EDGE: 335 31 44 600 68.23971603786953 5.5887682067037465 1.0
EDGE: 336 31 45 900 17.445977386936388 13.725226626242842 1.0
EDGE: 337 31 46 700 55.750342279881856 11.286428264545624 1.0
EDGE: 338 31 47 900 98.67507519514724 12.598061250953245 1.0
EDGE: 339 31 48 200 23.64288486619529 13.128165227133858 1.0
EDGE: 340 31 49 400 16.555492835042163 4.005166700652561 1.0
EDGE: 341 31 50 100 90.21394902475278 11.500099411156215 1.0
EDGE: 342 32 40 100 33.04536394394448 19.67404087141606 1.0
EDGE: 343 32 41 800 63.016706914301224 14.113452689589893 1.0
EDGE: 344 32 42 200 40.844885865570696 9.741561943536553 1.0
EDGE: 345 32 43 200 58.65331449785283 12.103085621149729 1.0
EDGE: 346 32 44 800 15.078675481089146 10.272540267474623 1.0
EDGE: 347 32 45 400 35.497627986408624 6.633052587764779 1.0
EDGE: 348 32 46 800 16.521721191465403 1.2130201759792063 1.0
EDGE: 349 32 47 800 17.199766495430588 13.052145235089183 1.0
EDGE: 350 32 48 800 95.47047182624907 11.196305874922487 1.0
EDGE: 351 32 49 800 17.324117512692677 12.392392599979349 1.0
EDGE: 352 32 50 400 17.860622364695843 4.369680256854516 1.0
EDGE: 353 33 40 0 47.97230164514593 14.75348524716175 1.0
EDGE: 354 33 41 0 17.733180830276382 1.1597762090353685 1.0
EDGE: 355 33 42 0 77.74272073607015 4.866096187415296 1.0
EDGE: 356 33 43 0 22.650350092927507 15.644585256346756 1.0
EDGE: 357 33 44 0 96.87817564529605 19.877061511100642 1.0
EDGE: 358 33 45 0 41.16280826954515 4.950058156204811 1.0
EDGE: 359 33 46 0 19.95319722978565 6.149393934043462 1.0
EDGE: 360 33 47 0 13.929948949717346 11.839271385676538 1.0
EDGE: 361 33 48 0 78.95257346459356 18.620097427362218 1.0
EDGE: 362 33 49 0 62.594618669090565 2.412130417440282 1.0
EDGE: 363 33 50 1800 42.092707524317724 1.0087503242451825 1.0
EDGE: 364 34 40 0 23.01395912547366 7.583575089569771 1.0
EDGE: 365 34 41 0 26.237321281018076 4.919824084339989 1.0
EDGE: 366 34 42 0 51.947868090743725 3.7582578242210514 1.0
EDGE: 367 34 43 0 23.259073995143034 19.631712328373105 1.0
EDGE: 368 34 44 0 68.80668047868761 17.869661840495315 1.0
EDGE: 369 34 45 0 53.19868508674259 14.115433784636707 1.0
EDGE: 370 34 46 0 46.55960833227721 15.701629691873787 1.0
EDGE: 371 34 47 0 89.57308985982039 18.57597597410361 1.0
EDGE: 372 34 48 0 38.40550833345153 11.160270547546995 1.0
EDGE: 373 34 49 0 94.68420969102871 1.5592581397160525 1.0
EDGE: 374 34 50 1200 19.307549797068624 2.914213575252938 1.0
EDGE: 375 35 40 0 75.27990109482822 6.417669912653663 1.0
EDGE: 376 35 41 0 93.99332828277159 14.57117938397222 1.0
EDGE: 377 35 42 0 91.4186309781515 8.677162380833039 1.0
EDGE: 378 35 43 0 25.521993092565943 6.30883164633653 1.0
EDGE: 379 35 44 0 83.88945255497605 5.598859802009867 1.0
EDGE: 380 35 45 0 31.01996932712206 19.627888644955274 1.0
EDGE: 381 35 46 0 38.03885002096551 17.978156027804175 1.0
EDGE: 382 35 47 0 43.68680722933029 9.645450209148233 1.0
EDGE: 383 35 48 0 34.3559868960019 11.974271100632283 1.0
EDGE: 384 35 49 0 62.67273613536152 2.0965221928266096 1.0
EDGE: 385 35 50 2000 28.66796837955975 19.5132277014741 1.0
EDGE: 386 36 40 200 94.92949264213453 19.96169438469342 1.0
EDGE: 387 36 41 400 37.29661842857967 18.557229280705695 1.0
EDGE: 388 36 42 200 15.635974159905128 8.388950179357746 1.0
EDGE: 389 36 43 900 75.02839061997186 13.283393462801403 1.0
EDGE: 390 36 44 400 56.300284106116905 10.327575083855304 1.0
EDGE: 391 36 45 600 26.248950387780802 17.964821283086255 1.0
EDGE: 392 36 46 700 42.139728626408306 14.04212610865121 1.0
EDGE: 393 36 47 100 12.093977289155164 14.09696646442021 1.0
EDGE: 394 36 48 600 22.840335792781318 19.424441150305064 1.0
EDGE: 395 36 49 300 38.96778054499117 12.062272126819096 1.0
EDGE: 396 36 50 300 13.297447106542645 19.771647158970538 1.0
EDGE: 397 37 40 600 76.28127047442305 11.376046357506372 1.0
EDGE: 398 37 41 800 93.43895560878425 18.44814464073824 1.0
EDGE: 399 37 42 100 23.76084755307315 19.30654389283955 1.0
EDGE: 400 37 43 200 68.73274780208851 14.599529977653578 1.0
EDGE: 401 37 44 600 41.17978323019113 7.412224348678194 1.0
EDGE: 402 37 45 100 75.47990692241889 10.836429010148596 1.0
EDGE: 403 37 46 700 25.86364819962435 13.289151277855659 1.0
EDGE: 404 37 47 600 27.49525286979198 5.556208319355505 1.0
EDGE: 405 37 48 500 15.82134549594282 10.571509427812025 1.0
EDGE: 406 37 49 600 53.27677164282619 13.320533548770994 1.0
EDGE: 407 37 50 400 78.8533208744671 10.978196974315733 1.0
EDGE: 408 38 40 0 45.265488798642984 9.456745308009003 1.0
EDGE: 409 38 41 0 70.48851119928361 11.948473643357179 1.0
EDGE: 410 38 42 0 65.29737934579887 3.801016760352815 1.0
EDGE: 411 38 43 0 26.10158251087606 16.159624186801324 1.0
EDGE: 412 38 44 0 42.84883573466379 16.251268108358243 1.0
EDGE: 413 38 45 0 85.06203794347275 11.969612603002385 1.0
EDGE: 414 38 46 0 15.17729238789422 16.547800238925312 1.0
EDGE: 415 38 47 0 37.266739787663624 17.57769039011554 1.0
EDGE: 416 38 48 0 20.958550563641094 9.449620618674773 1.0
EDGE: 417 38 49 0 44.90741983341672 11.445930684282828 1.0
EDGE: 418 38 50 1400 41.52236243155785 14.224429505049121 1.0
EDGE: 419 39 40 4900 64.82474307616741 13.274657657552668 1.0
EDGE: 420 39 41 4000 46.287855034622616 15.120232910605997 1.0
EDGE: 421 39 42 4400 19.300478133990516 14.57473835619602 1.0
EDGE: 422 39 43 700 41.50033625303375 2.2365544911935147 1.0
EDGE: 423 39 44 3800 85.63933476466303 13.629703664619042 1.0
EDGE: 424 39 45 4600 43.87106947816264 17.96321180454822 1.0
EDGE: 425 39 46 3800 47.392039935537866 15.390673361392087 1.0
EDGE: 426 39 47 4500 13.22153966680786 14.90462840220007 1.0
EDGE: 427 39 48 2000 92.57122155221606 13.597048130446904 1.0
EDGE: 428 39 49 3700 70.7338303407951 19.957648758396406 1.0
EDGE: 429 39 50 1900 66.71163978298202 15.16593825620382 1.0
EDGE: 430 40 51 200 91.90861207394238 1.960825375513942 1.0
EDGE: 431 40 52 200 61.12634380216817 19.64330219963604 1.0
EDGE: 432 40 53 500 35.83235733756928 4.083146909964078 1.0
EDGE: 433 40 54 200 19.210321382056172 4.259757281298143 1.0
EDGE: 434 40 55 500 54.85530839810758 4.870176516499555 1.0
EDGE: 435 40 56 500 26.143186299420872 7.884034960520814 1.0
EDGE: 436 40 57 200 81.28178430424528 2.615567697756428 1.0
EDGE: 437 40 58 400 89.84248104460745 12.917051288899701 1.0
EDGE: 438 40 59 300 50.174366397653934 5.475926998500363 1.0
EDGE: 439 40 60 300 43.5191552219502 12.919556108935438 1.0
EDGE: 440 40 61 700 49.87355307859725 13.496994370437067 1.0
EDGE: 441 40 62 200 42.68677366009438 12.516333416246209 1.0
EDGE: 442 40 63 100 74.3344239310231 7.469106724907988 1.0
EDGE: 443 40 64 500 81.97602467931333 14.869921410845906 1.0
EDGE: 444 40 65 600 63.88187644579447 2.2799159240141726 1.0
EDGE: 445 40 66 300 39.60609125156159 18.766820267517343 1.0
EDGE: 446 40 67 100 43.48602037366247 18.18232715217255 1.0
EDGE: 447 40 68 300 69.86444007765454 14.109155159846337 1.0
EDGE: 448 40 69 100 10.15925472515853 18.14562962645265 1.0
EDGE: 449 40 70 400 16.4465973522854 7.354765823849823 1.0
EDGE: 450 40 71 600 53.576635918337814 16.207788560479692 1.0
EDGE: 451 40 72 400 52.00748032286736 18.19868977108076 1.0
EDGE: 452 40 73 300 46.52105337437142 15.496860855663 1.0
EDGE: 453 40 74 700 91.77582323806067 12.539009446215731 1.0
EDGE: 454 40 75 700 64.25481100363606 9.339513485368792 1.0
EDGE: 455 40 76 400 51.58329562571887 7.520027749348462 1.0
EDGE: 456 40 77 400 14.419158374940775 17.624603223648588 1.0
EDGE: 457 40 78 0 73.15983339120353 19.195747738875284 1.0
EDGE: 458 40 79 700 41.56332776574742 2.3397942776046707 1.0
EDGE: 459 40 80 400 42.04679341629422 3.1066185286583163 1.0
EDGE: 460 40 81 500 52.904675200757424 4.949177146517869 1.0
EDGE: 461 40 82 300 85.9794420913594 18.81252078881488 1.0
EDGE: 462 40 83 200 64.42143674972016 17.029861161549253 1.0
EDGE: 463 40 84 600 74.09039449598536 18.174957119722517 1.0
EDGE: 464 40 85 400 28.879705567910246 12.335506718800547 1.0
EDGE: 465 40 86 600 29.78550460244484 10.931419717661049 1.0
EDGE: 466 40 87 0 79.89616710166716 3.204768668617664 1.0
EDGE: 467 40 88 600 62.64384534542693 16.854899893875793 1.0
EDGE: 468 40 89 700 78.63817179090667 7.982615882994915 1.0
EDGE: 469 40 90 700 67.19325948639465 16.54151229016651 1.0
EDGE: 470 40 91 500 72.2626887259675 10.872500304257759 1.0
EDGE: 471 40 92 200 88.91311005770791 3.619199343713423 1.0
EDGE: 472 40 93 100 55.695720261255026 19.387341487808804 1.0
EDGE: 473 40 94 0 30.315749536356524 17.920487003951454 1.0
EDGE: 474 40 95 600 60.85373378353856 6.317293854990617 1.0
EDGE: 475 40 96 700 92.45829696985838 5.9122579620091695 1.0
EDGE: 476 40 97 500 89.90867253245266 2.8822693222185167 1.0
EDGE: 477 40 98 500 39.736277743436645 5.425514952694938 1.0
EDGE: 478 40 99 600 61.69809563608915 6.4871823808758755 1.0
EDGE: 479 40 100 600 78.3106729662391 16.478099964863738 1.0
EDGE: 480 41 51 700 52.882048821813186 17.247884207000755 1.0
EDGE: 481 41 52 400 41.01996334056504 7.733334983656512 1.0
EDGE: 482 41 53 700 57.94817103818877 9.205757546770423 1.0
EDGE: 483 41 54 200 74.1287272323556 18.887563548743493 1.0
EDGE: 484 41 55 200 44.666651188640245 7.898940797106023 1.0
EDGE: 485 41 56 700 13.764326174389376 1.0295498337184807 1.0
EDGE: 486 41 57 600 24.096573069795408 13.708148072767802 1.0
EDGE: 487 41 58 400 62.39329988179873 10.76471042550556 1.0
EDGE: 488 41 59 300 56.7452043770907 9.14505467019041 1.0
EDGE: 489 41 60 200 88.18895103772083 10.6471486741011 1.0
EDGE: 490 41 61 0 48.98181413868969 8.001219674064778 1.0
EDGE: 491 41 62 200 22.64177478575909 15.212454192580806 1.0
EDGE: 492 41 63 300 26.307567064220397 14.025509312913787 1.0
EDGE: 493 41 64 300 74.26421117541216 15.654244031063119 1.0
EDGE: 494 41 65 600 62.583044971217944 8.547993800595457 1.0
EDGE: 495 41 66 0 38.74133727566799 13.937407679875607 1.0
EDGE: 496 41 67 700 56.815000772719436 15.218284242762554 1.0
EDGE: 497 41 68 200 68.3790516342201 7.891028320345793 1.0
EDGE: 498 41 69 300 21.60384892079209 9.776281354285086 1.0
EDGE: 499 41 70 200 66.20128397847179 1.573949414953523 1.0
EDGE: 500 41 71 0 39.85350382441193 17.523299310760876 1.0
EDGE: 501 41 72 100 22.547841173831664 5.955950136921418 1.0
EDGE: 502 41 73 400 58.845107016847926 4.911540019146489 1.0
EDGE: 503 41 74 200 34.52440691276425 18.70750821556959 1.0
EDGE: 504 41 75 300 73.27620161734079 12.419880989072654 1.0
EDGE: 505 41 76 200 31.156284021874736 14.64110761038677 1.0
EDGE: 506 41 77 700 11.366930401500849 11.63394826772859 1.0
EDGE: 507 41 78 500 59.59743508197023 2.097068032972765 1.0
EDGE: 508 41 79 100 10.634809990243975 19.198444839491998 1.0
EDGE: 509 41 80 500 30.246385437942845 15.316862081905184 1.0
EDGE: 510 41 81 100 82.43964473119695 17.05969731796626 1.0
EDGE: 511 41 82 600 91.12054094065599 12.59688809134038 1.0
EDGE: 512 41 83 500 76.90015222840688 12.166397701847917 1.0
EDGE: 513 41 84 600 34.34049589706751 15.765669696159742 1.0
EDGE: 514 41 85 0 72.28384330716592 3.546502597602929 1.0
EDGE: 515 41 86 100 30.075897652368248 14.277446675445466 1.0
EDGE: 516 41 87 500 75.47174245138353 9.428259460762249 1.0
EDGE: 517 41 88 100 55.80440371778669 16.965132182366848 1.0
EDGE: 518 41 89 100 12.599494853078443 7.823334291502752 1.0
EDGE: 519 41 90 200 91.23532401937635 12.245598232601669 1.0
EDGE: 520 41 91 0 21.476429347616502 9.740000285490918 1.0
EDGE: 521 41 92 300 21.749496921929186 1.3202652671788275 1.0
EDGE: 522 41 93 600 89.88412940923685 13.944365980925205 1.0
EDGE: 523 41 94 200 15.706960087375812 7.663955255329289 1.0
EDGE: 524 41 95 100 86.35610226761216 14.937602261193447 1.0
EDGE: 525 41 96 200 93.47398560893578 8.844988258501386 1.0
EDGE: 526 41 97 300 82.54006948623885 12.567143781299597 1.0
EDGE: 527 41 98 100 58.52103310430376 7.469482628932726 1.0
EDGE: 528 41 99 300 78.74447107505958 14.439832812699008 1.0
EDGE: 529 41 100 600 83.44319356189632 6.792829562467692 1.0
EDGE: 530 42 51 100 66.77073531186089 8.054970174497223 1.0
EDGE: 531 42 52 100 16.254671588474526 3.291315627310771 1.0
EDGE: 532 42 53 300 36.6328828755193 17.325244784677217 1.0
EDGE: 533 42 54 600 84.80889695707843 18.236852521961133 1.0
EDGE: 534 42 55 500 96.26600606625067 1.9035114539461317 1.0
EDGE: 535 42 56 200 29.695782928736822 5.067794337387209 1.0
EDGE: 536 42 57 200 85.8252285963098 8.483386332451033 1.0
EDGE: 537 42 58 400 18.467744375112783 6.098799736393274 1.0
EDGE: 538 42 59 400 70.6766498459213 18.991621279853845 1.0
EDGE: 539 42 60 400 56.545993846100785 5.862717201821269 1.0
EDGE: 540 42 61 300 59.6818985139042 9.340238318580607 1.0
EDGE: 541 42 62 700 32.65871855125195 16.12745628742016 1.0
EDGE: 542 42 63 100 17.87780693384557 15.156382467953522 1.0
EDGE: 543 42 64 300 39.16265841070012 1.3808143878031007 1.0
EDGE: 544 42 65 600 95.15279812822583 5.657864917553953 1.0
EDGE: 545 42 66 100 90.09968747391282 18.326231162791768 1.0
EDGE: 546 42 67 300 25.021544480560802 17.592369135188974 1.0
EDGE: 547 42 68 200 92.33992623801494 16.682436310420258 1.0
EDGE: 548 42 69 100 90.09943712433494 17.908282949464645 1.0
EDGE: 549 42 70 500 47.66298515235207 7.329958435505985 1.0
EDGE: 550 42 71 200 43.37847253800102 13.57512764516729 1.0
EDGE: 551 42 72 300 36.12886482938484 16.59746764455046 1.0
EDGE: 552 42 73 500 46.906069293282755 19.721553764824414 1.0
EDGE: 553 42 74 700 93.59008977925225 10.230916074851626 1.0
EDGE: 554 42 75 0 61.96841675219002 15.008873663719356 1.0
EDGE: 555 42 76 400 28.69665818503667 13.338451395128196 1.0
EDGE: 556 42 77 700 87.37989883483421 17.908091027142127 1.0
EDGE: 557 42 78 700 57.245330221336395 11.354063380267691 1.0
EDGE: 558 42 79 100 64.98015509087074 4.298411694814784 1.0
EDGE: 559 42 80 0 94.22485687919342 19.812940154670024 1.0
EDGE: 560 42 81 300 93.94035505371653 18.555186516684653 1.0
EDGE: 561 42 82 700 66.40868319937076 12.481499161434392 1.0
EDGE: 562 42 83 500 87.98022866435421 18.045271009706838 1.0
EDGE: 563 42 84 600 30.846700384384484 10.135060533516388 1.0
EDGE: 564 42 85 100 12.097426732214025 2.697758060689541 1.0
EDGE: 565 42 86 200 77.10761757165906 10.026136559325966 1.0
EDGE: 566 42 87 600 57.91078841811009 17.06806065896697 1.0
EDGE: 567 42 88 0 13.623492198941378 10.836297982402623 1.0
EDGE: 568 42 89 100 49.21904612082562 16.063311237928588 1.0
EDGE: 569 42 90 500 30.988006508148388 12.654596065396674 1.0
EDGE: 570 42 91 0 91.87654408177148 8.247043425847963 1.0
EDGE: 571 42 92 700 47.56003783596335 9.275500167065665 1.0
EDGE: 572 42 93 700 94.58755942735871 2.3911268903100416 1.0
EDGE: 573 42 94 0 55.22409347354903 13.859322259780187 1.0
EDGE: 574 42 95 200 39.72073423773169 9.692928296292518 1.0
EDGE: 575 42 96 300 25.659159755349634 11.748101018302007 1.0
EDGE: 576 42 97 100 25.7452361952497 16.82565872824493 1.0
EDGE: 577 42 98 500 29.967542194320085 4.979910537082312 1.0
EDGE: 578 42 99 400 25.390181211796772 1.7398830027587135 1.0
EDGE: 579 42 100 300 77.01525638183836 13.794559936596636 1.0
EDGE: 580 43 51 400 46.128865180320936 11.884157592418156 1.0
EDGE: 581 43 52 400 98.33552165920595 19.173661514896 1.0
EDGE: 582 43 53 400 52.089415363192124 6.262763669080615 1.0
EDGE: 583 43 54 400 79.94693136058967 6.208023370935577 1.0
EDGE: 584 43 55 600 18.99337972903265 3.4985089236664106 1.0
EDGE: 585 43 56 0 93.93786839811597 6.835349110496508 1.0
EDGE: 586 43 57 300 66.22383725796729 18.818562547291293 1.0
EDGE: 587 43 58 700 95.16869372086565 7.24120211843352 1.0
EDGE: 588 43 59 600 92.62458440732095 18.63129264242996 1.0
EDGE: 589 43 60 0 90.94332000437669 7.966208655963126 1.0
EDGE: 590 43 61 600 75.13196667611331 12.112077951678138 1.0
EDGE: 591 43 62 700 54.00169743185067 16.512469582534763 1.0
EDGE: 592 43 63 500 51.84091381313989 4.966059067531834 1.0
EDGE: 593 43 64 400 51.68478436108755 3.9921432114340965 1.0
EDGE: 594 43 65 600 93.60674023091427 1.285799170457857 1.0
EDGE: 595 43 66 600 96.62357332424082 14.111177167639571 1.0
EDGE: 596 43 67 500 50.78427118191735 16.171825262676457 1.0
EDGE: 597 43 68 0 56.803706932939406 9.531148784299832 1.0
EDGE: 598 43 69 100 54.205870341025935 9.534012442195571 1.0
EDGE: 599 43 70 300 75.35730040397372 14.402190066059674 1.0
EDGE: 600 43 71 500 71.99991661007365 17.241789687252194 1.0
EDGE: 601 43 72 300 82.93346437440479 14.609960577749948 1.0
EDGE: 602 43 73 100 86.35128500129665 19.541124457942136 1.0
EDGE: 603 43 74 600 67.99914941515965 13.029641030765418 1.0
EDGE: 604 43 75 400 46.80543104814051 3.406265292998894 1.0
EDGE: 605 43 76 700 92.92184547455498 14.829914181549714 1.0
EDGE: 606 43 77 300 39.21759671980708 15.244204946261084 1.0
EDGE: 607 43 78 500 56.185689935034404 7.619901709241409 1.0
EDGE: 608 43 79 200 51.94873259415162 5.119832623711726 1.0
EDGE: 609 43 80 700 33.59258658144358 5.982027509048271 1.0
EDGE: 610 43 81 100 93.40967505242902 9.419749332072431 1.0
EDGE: 611 43 82 400 73.79985094265024 6.683774228110296 1.0
EDGE: 612 43 83 0 87.55516319221567 7.622708812711437 1.0
EDGE: 613 43 84 600 56.04597156434019 9.611302489491331 1.0
EDGE: 614 43 85 400 76.4292442802894 9.594657364043352 1.0
EDGE: 615 43 86 300 60.41605296621567 17.217902037597455 1.0
EDGE: 616 43 87 300 21.3636289724654 3.5763385652053565 1.0
EDGE: 617 43 88 300 13.498484914426037 6.030242976612617 1.0
EDGE: 618 43 89 500 46.93056725039472 7.7814329482839915 1.0
EDGE: 619 43 90 600 94.78440711521834 1.5053967599328404 1.0
EDGE: 620 43 91 0 14.251804290666628 17.27320188778101 1.0
EDGE: 621 43 92 0 81.66154413548936 12.28159354501807 1.0
EDGE: 622 43 93 200 32.76517984014649 3.537602498688724 1.0
EDGE: 623 43 94 700 63.353957528002134 2.6156874119364537 1.0
EDGE: 624 43 95 500 32.050417572397905 14.920842670302223 1.0
EDGE: 625 43 96 200 26.659281249769247 10.550296201581146 1.0
EDGE: 626 43 97 100 47.815700856180875 12.849349680507451 1.0
EDGE: 627 43 98 400 68.83500813848596 11.10358591466303 1.0
EDGE: 628 43 99 100 18.64656464706851 14.500111749961318 1.0
EDGE: 629 43 100 400 45.485387500545016 2.524666285898511 1.0
EDGE: 630 44 51 0 72.61868316936786 15.33937178490508 1.0
EDGE: 631 44 52 0 93.8004941994413 19.407571296643518 1.0
EDGE: 632 44 53 400 55.37611461534309 5.697633658954464 1.0
EDGE: 633 44 54 600 73.99902996865077 9.206785436390653 1.0
EDGE: 634 44 55 700 43.776552354075235 1.2989544786054281 1.0
EDGE: 635 44 56 600 44.32643007828436 7.447293864772598 1.0
EDGE: 636 44 57 600 11.705167346285737 12.412489553045464 1.0
EDGE: 637 44 58 400 37.45982199800402 6.6721162935614355 1.0
EDGE: 638 44 59 200 77.158583881383 14.044262238960032 1.0
EDGE: 639 44 60 300 38.67141253826301 1.9202992012812672 1.0
EDGE: 640 44 61 400 82.20056595698462 3.337119576921771 1.0
EDGE: 641 44 62 700 98.60185882953671 16.278333136414318 1.0
EDGE: 642 44 63 0 69.89096513435359 7.0968522602984985 1.0
EDGE: 643 44 64 300 85.99518554000885 9.79796561654799 1.0
EDGE: 644 44 65 300 94.78949310840409 2.112441976683061 1.0
EDGE: 645 44 66 600 48.2468150907676 16.82337312353929 1.0
EDGE: 646 44 67 100 76.13590134167063 19.68840347945962 1.0
EDGE: 647 44 68 600 10.11626857511098 6.520667939802359 1.0
EDGE: 648 44 69 400 65.30809948494078 7.557195046586779 1.0
EDGE: 649 44 70 300 43.45610749377691 11.152704599844702 1.0
EDGE: 650 44 71 0 61.65979694560182 15.08966482577313 1.0
EDGE: 651 44 72 300 23.308655907786576 7.3921539163011705 1.0
EDGE: 652 44 73 500 63.33922413683437 18.471494973560084 1.0
EDGE: 653 44 74 600 38.22211402440429 9.715816574203926 1.0
EDGE: 654 44 75 200 72.19049027606201 18.26362481890755 1.0
EDGE: 655 44 76 0 15.1375619142145 3.6731424124439522 1.0
EDGE: 656 44 77 500 64.33915639401351 1.5146108535274643 1.0
EDGE: 657 44 78 400 21.698467727580734 16.571924130258694 1.0
EDGE: 658 44 79 0 50.56355695347793 11.342896427459834 1.0
EDGE: 659 44 80 400 31.334241353279136 19.87413875731395 1.0
EDGE: 660 44 81 300 13.053473549542726 1.6569626835563676 1.0
EDGE: 661 44 82 100 28.969392231734073 8.34489529125932 1.0
EDGE: 662 44 83 300 67.65767464437991 14.431323275411103 1.0
EDGE: 663 44 84 200 97.70987182823164 16.74747104279237 1.0
EDGE: 664 44 85 100 53.221934866653925 5.706336242696421 1.0
EDGE: 665 44 86 700 59.35812930368711 10.627393534939499 1.0
EDGE: 666 44 87 100 22.11904849916848 19.22980280805654 1.0
EDGE: 667 44 88 400 64.10849106319353 10.47854299385394 1.0
EDGE: 668 44 89 400 68.57243660322912 5.408314719951259 1.0
EDGE: 669 44 90 300 37.2743907082707 15.334242611794231 1.0
EDGE: 670 44 91 500 23.874895260398766 12.986329390191084 1.0
EDGE: 671 44 92 700 53.39900575830929 18.576305532459237 1.0
EDGE: 672 44 93 300 20.104035429808654 3.620931760896994 1.0
EDGE: 673 44 94 500 40.60091282726553 14.50500729651436 1.0
EDGE: 674 44 95 700 66.4360041464939 7.2702569118678 1.0
EDGE: 675 44 96 600 30.506253918636993 12.962950290947525 1.0
EDGE: 676 44 97 300 44.65902615952781 11.06354211079945 1.0
EDGE: 677 44 98 200 31.619046311894962 8.055794460969782 1.0
EDGE: 678 44 99 600 22.988342994931273 5.070776230214973 1.0
EDGE: 679 44 100 500 66.48113742058314 3.7628167228292275 1.0
EDGE: 680 45 51 600 89.78409591820618 5.139911977645658 1.0
EDGE: 681 45 52 200 35.473417649242805 13.98027177908169 1.0
EDGE: 682 45 53 100 11.273737157544073 10.719617215022996 1.0
EDGE: 683 45 54 600 82.60981207538931 16.290522578689227 1.0
EDGE: 684 45 55 500 29.880516533111134 12.335526142307963 1.0
EDGE: 685 45 56 300 91.17565124320784 14.499906753243438 1.0
EDGE: 686 45 57 0 92.25960706634086 16.137964497901702 1.0
EDGE: 687 45 58 0 19.56194256574486 8.738311093832483 1.0
EDGE: 688 45 59 700 38.64343213733734 19.689115354866473 1.0
EDGE: 689 45 60 500 20.147156703860816 18.663421673898096 1.0
EDGE: 690 45 61 200 67.59777050481341 10.907594427742762 1.0
EDGE: 691 45 62 0 26.578024267182876 6.062616444843345 1.0
EDGE: 692 45 63 300 92.79017828733772 9.838403309284782 1.0
EDGE: 693 45 64 500 47.30097665133805 3.895471731885248 1.0
EDGE: 694 45 65 0 50.87230891418057 6.666231109071708 1.0
EDGE: 695 45 66 600 85.69574848493038 3.5698495984740224 1.0
EDGE: 696 45 67 700 92.07768422612997 15.140069940535133 1.0
EDGE: 697 45 68 0 69.66270106924208 11.994536798967966 1.0
EDGE: 698 45 69 400 57.636486335179754 9.327118833629983 1.0
EDGE: 699 45 70 700 16.015464079840644 10.701400730714344 1.0
EDGE: 700 45 71 200 10.608925435117534 10.363935432565118 1.0
EDGE: 701 45 72 0 47.53043010263838 10.080035794884916 1.0
EDGE: 702 45 73 300 99.23874713694417 5.6228161429451315 1.0
EDGE: 703 45 74 200 83.00466507542131 16.517863453801 1.0
EDGE: 704 45 75 300 34.428449943854616 14.461361964324134 1.0
EDGE: 705 45 76 100 33.173818157708695 19.988659252535644 1.0
EDGE: 706 45 77 100 15.437761017009628 11.473206850375174 1.0
EDGE: 707 45 78 100 97.84156660731755 19.382473914675707 1.0
EDGE: 708 45 79 500 10.406953587321299 11.907874467898994 1.0
EDGE: 709 45 80 400 62.07217449262746 12.619917391639401 1.0
EDGE: 710 45 81 700 80.80653874177992 1.6777298629205086 1.0
EDGE: 711 45 82 600 21.79773233487655 16.34377226762696 1.0
EDGE: 712 45 83 0 51.41492902114243 7.120000540319606 1.0
EDGE: 713 45 84 500 41.691615605795675 13.730911486724315 1.0
EDGE: 714 45 85 0 89.92560722806242 15.43182907685265 1.0
EDGE: 715 45 86 200 50.65976203197269 18.717480717113112 1.0
EDGE: 716 45 87 700 92.78537575425733 12.446330216839993 1.0
EDGE: 717 45 88 400 42.80129289076097 12.680321592956261 1.0
EDGE: 718 45 89 300 26.365254023957814 10.167620091256076 1.0
EDGE: 719 45 90 400 44.19005746200387 8.367600820426315 1.0
EDGE: 720 45 91 100 65.06556650517467 17.23278895232608 1.0
EDGE: 721 45 92 0 48.32867611180866 6.62161303634508 1.0
EDGE: 722 45 93 300 20.456817719774925 5.218777278508978 1.0
EDGE: 723 45 94 200 55.626622951162986 15.186729908636382 1.0
EDGE: 724 45 95 300 98.05787591678275 4.462137825292432 1.0
EDGE: 725 45 96 100 14.753908122925552 18.645460960522893 1.0
EDGE: 726 45 97 300 90.85306251044915 11.809639088287428 1.0
EDGE: 727 45 98 700 26.221956315821256 2.275596201131379 1.0
EDGE: 728 45 99 700 81.14968705241684 5.4676869500457785 1.0
EDGE: 729 45 100 400 21.043203337493956 4.371397035364486 1.0
EDGE: 730 46 51 500 74.87760002909067 5.8685314435319444 1.0
EDGE: 731 46 52 600 39.82099326364961 5.321811056583686 1.0
EDGE: 732 46 53 600 64.93233342839194 12.22122620220527 1.0
EDGE: 733 46 54 300 10.121337557926244 17.488669692226807 1.0
EDGE: 734 46 55 300 62.66337387436408 10.165310785547787 1.0
EDGE: 735 46 56 300 12.478099233507837 3.677844447465808 1.0
EDGE: 736 46 57 200 19.109137603255842 3.6951816097003 1.0
EDGE: 737 46 58 100 67.88316278056654 16.746328219762894 1.0
EDGE: 738 46 59 700 30.08022091329685 10.273126343555912 1.0
EDGE: 739 46 60 300 32.11314689557988 7.638212191672455 1.0
EDGE: 740 46 61 0 71.69247457467117 19.79898254533762 1.0
EDGE: 741 46 62 400 24.744226771577804 7.892522085087325 1.0
EDGE: 742 46 63 100 65.4514751613518 17.854398372790826 1.0
EDGE: 743 46 64 200 43.2066397491724 10.415889522035057 1.0
EDGE: 744 46 65 400 14.489934415227015 7.389653452357746 1.0
EDGE: 745 46 66 500 44.73041627699179 17.063020434929232 1.0
EDGE: 746 46 67 200 65.05964843792827 5.771019297635932 1.0
EDGE: 747 46 68 200 91.53391065192349 4.317936412942559 1.0
EDGE: 748 46 69 500 99.87951239808865 17.856621184635745 1.0
EDGE: 749 46 70 300 87.10669293380371 19.11894993647957 1.0
EDGE: 750 46 71 300 22.441172374590423 9.518771106427831 1.0
EDGE: 751 46 72 0 93.93836778777907 13.620348112366399 1.0
EDGE: 752 46 73 600 23.873892997158496 5.780742916162437 1.0
EDGE: 753 46 74 400 85.54487024958837 1.4337522319818183 1.0
EDGE: 754 46 75 500 56.47019037663411 5.4859591394906495 1.0
EDGE: 755 46 76 400 78.14381824858856 1.642119412846191 1.0
EDGE: 756 46 77 500 10.473778811433975 17.167551080780253 1.0
EDGE: 757 46 78 200 79.83046584880239 1.6293588836507114 1.0
EDGE: 758 46 79 600 43.23143239505295 12.536271188745376 1.0
EDGE: 759 46 80 400 37.605841736677135 3.5185293148045433 1.0
EDGE: 760 46 81 300 82.31027983626392 16.754718314955447 1.0
EDGE: 761 46 82 600 75.10861088086207 14.761585932334457 1.0
EDGE: 762 46 83 100 66.68213294632056 8.415849309962372 1.0
EDGE: 763 46 84 500 76.40224053993275 19.1736467899962 1.0
EDGE: 764 46 85 300 82.57637716310099 9.893741412659343 1.0
EDGE: 765 46 86 500 33.66902396607131 7.454746512749084 1.0
EDGE: 766 46 87 400 23.10302389594486 12.484582133513833 1.0
EDGE: 767 46 88 700 79.1625342634519 17.992049859234754 1.0
EDGE: 768 46 89 600 43.247441661734584 12.50584301830947 1.0
EDGE: 769 46 90 300 44.27004766774298 10.485483648700379 1.0
EDGE: 770 46 91 400 44.33838390088345 2.271618381431316 1.0
EDGE: 771 46 92 0 31.036533515908943 7.689770583328749 1.0
EDGE: 772 46 93 400 44.59081502107934 11.612091199331477 1.0
EDGE: 773 46 94 500 84.00174279664806 14.31581940614561 1.0
EDGE: 774 46 95 600 74.82515456910431 15.355094654277822 1.0
EDGE: 775 46 96 0 42.70196774021581 5.884451669562983 1.0
EDGE: 776 46 97 500 60.96445516017544 1.93774185297803 1.0
EDGE: 777 46 98 300 47.68805194718064 19.07542479248697 1.0
EDGE: 778 46 99 400 87.411114619112 9.066086972423534 1.0
EDGE: 779 46 100 500 35.41117590565116 18.864727292656813 1.0
EDGE: 780 47 51 400 17.904648021058215 13.090793896571421 1.0
EDGE: 781 47 52 100 89.82802488916423 1.49310884492539 1.0
EDGE: 782 47 53 0 82.96211807440999 19.516775171525758 1.0
EDGE: 783 47 54 400 31.076860732011557 18.05881949497654 1.0
EDGE: 784 47 55 500 15.502766297481003 3.8147689907354856 1.0
EDGE: 785 47 56 300 64.07609843922435 17.277523368848993 1.0
EDGE: 786 47 57 0 98.75839850455571 2.452832468022863 1.0
EDGE: 787 47 58 700 12.39690979854551 18.702354837515927 1.0
EDGE: 788 47 59 500 43.071114662074635 12.81570631102775 1.0
EDGE: 789 47 60 500 85.2614529399521 11.447090545868699 1.0
EDGE: 790 47 61 100 90.6799265723156 11.430030426931001 1.0
EDGE: 791 47 62 100 28.018266773864443 4.205398895107306 1.0
EDGE: 792 47 63 0 40.09782058825597 5.663376190119641 1.0
EDGE: 793 47 64 300 98.94640980758874 11.109144776278177 1.0
EDGE: 794 47 65 300 94.18084703845798 19.815060322870835 1.0
EDGE: 795 47 66 500 47.73988160057728 9.718709869912532 1.0
EDGE: 796 47 67 0 78.49078887179634 16.266715037062298 1.0
EDGE: 797 47 68 100 33.523919098546415 7.188299373015374 1.0
EDGE: 798 47 69 600 79.05295968491441 4.11057839705896 1.0
EDGE: 799 47 70 200 62.75471080090173 13.399211181632811 1.0
EDGE: 800 47 71 600 81.11072186370656 3.423476862123932 1.0
EDGE: 801 47 72 200 39.854088144450124 9.604024092583645 1.0
EDGE: 802 47 73 600 82.97826628453367 13.10446665816315 1.0
EDGE: 803 47 74 300 25.93078198484971 5.874683459120435 1.0
EDGE: 804 47 75 500 21.59320742609543 1.9441040968583745 1.0
EDGE: 805 47 76 500 53.439777407238786 19.397448649962715 1.0
EDGE: 806 47 77 700 38.870596357921514 4.343312766047207 1.0
EDGE: 807 47 78 300 37.1313339603752 19.40767267748874 1.0
EDGE: 808 47 79 600 20.45985784719528 7.849816435355478 1.0
EDGE: 809 47 80 200 74.14126422487796 3.307381034188099 1.0
EDGE: 810 47 81 100 61.006273495887434 8.430108856844418 1.0
EDGE: 811 47 82 0 98.57399154179686 12.258620527844625 1.0
EDGE: 812 47 83 500 22.51852184377899 6.144921518821255 1.0
EDGE: 813 47 84 600 38.429971094922635 13.29554557923502 1.0
EDGE: 814 47 85 400 64.94386449229064 3.64617058340884 1.0
EDGE: 815 47 86 300 25.229034735646366 16.748210932519278 1.0
EDGE: 816 47 87 300 90.5525488638485 17.663338545142754 1.0
EDGE: 817 47 88 100 49.18123502660149 4.521040082401661 1.0
EDGE: 818 47 89 700 26.232962336970576 4.397271133386316 1.0
EDGE: 819 47 90 300 95.256709330314 9.518936244822896 1.0
EDGE: 820 47 91 200 10.29912781781942 3.48934740236949 1.0
EDGE: 821 47 92 400 18.006180322781887 7.264009846776339 1.0
EDGE: 822 47 93 500 22.912073476748674 11.983999992616344 1.0
EDGE: 823 47 94 600 55.48360772323875 7.495882425518268 1.0
EDGE: 824 47 95 400 51.716679451081525 16.45255129342374 1.0
EDGE: 825 47 96 100 25.122602926157256 16.298544734912888 1.0
EDGE: 826 47 97 600 16.795522843260667 8.196332722444778 1.0
EDGE: 827 47 98 500 36.91810992735886 19.046732488207997 1.0
EDGE: 828 47 99 600 51.54131509842838 1.1970600716522979 1.0
EDGE: 829 47 100 300 91.76496624194223 6.2147897491251705 1.0
EDGE: 830 48 51 100 48.54946046665114 1.2324274642218382 1.0
EDGE: 831 48 52 0 95.3048854273753 11.840989204562668 1.0
EDGE: 832 48 53 0 12.132353103176387 12.32489442878078 1.0
EDGE: 833 48 54 200 40.13341925362619 6.190277490501589 1.0
EDGE: 834 48 55 100 81.55689926714358 19.441633873321244 1.0
EDGE: 835 48 56 0 41.71846728521622 1.9084157953406087 1.0
EDGE: 836 48 57 600 11.60690564146636 5.113604281901908 1.0
EDGE: 837 48 58 600 25.881904657562515 15.71047952385791 1.0
EDGE: 838 48 59 300 79.57183297480059 5.391724533513735 1.0
EDGE: 839 48 60 300 58.19587368426936 7.3966958812485535 1.0
EDGE: 840 48 61 500 10.263519187941164 6.308109428476627 1.0
EDGE: 841 48 62 400 78.1453187949153 17.738574808335002 1.0
EDGE: 842 48 63 700 93.1624147314589 18.760343613936776 1.0
EDGE: 843 48 64 700 73.40830842833786 9.52831340144839 1.0
EDGE: 844 48 65 700 48.29488940991931 9.486757514711979 1.0
EDGE: 845 48 66 600 42.10573209814273 3.8344376001790357 1.0
EDGE: 846 48 67 600 39.943197045391244 16.550675175198013 1.0
EDGE: 847 48 68 0 13.37190485605052 6.256648111317954 1.0
EDGE: 848 48 69 700 69.78962299742204 3.5016022900972974 1.0
EDGE: 849 48 70 600 59.097672063673976 1.7228449692651404 1.0
EDGE: 850 48 71 300 33.59642572262065 18.131327585586686 1.0
EDGE: 851 48 72 200 72.19754870999554 16.12129302971237 1.0
EDGE: 852 48 73 500 48.02307526280103 10.49289775970686 1.0
EDGE: 853 48 74 300 99.25248015016768 19.81090208907116 1.0
EDGE: 854 48 75 600 46.68241124421561 18.600442399493836 1.0
EDGE: 855 48 76 0 57.87976051456272 3.802588597967662 1.0
EDGE: 856 48 77 400 97.03724138174192 9.977814038271198 1.0
EDGE: 857 48 78 700 31.681712427500983 13.15468629102868 1.0
EDGE: 858 48 79 400 32.23895277913309 1.9740142497433326 1.0
EDGE: 859 48 80 100 18.124631427523553 2.875376806550512 1.0
EDGE: 860 48 81 300 74.50971803945055 5.513370517625154 1.0
EDGE: 861 48 82 300 97.19962219796722 13.375109741690338 1.0
EDGE: 862 48 83 400 99.16982489089304 6.698436900864113 1.0
EDGE: 863 48 84 0 31.216830670260297 8.261974298426779 1.0
EDGE: 864 48 85 0 70.9117227415286 15.4335870553378 1.0
EDGE: 865 48 86 700 28.584686368204018 14.02300229988471 1.0
EDGE: 866 48 87 500 66.42233029084558 5.987262581249707 1.0
EDGE: 867 48 88 100 16.925671796151 8.884361193245162 1.0
EDGE: 868 48 89 600 29.955172801195726 16.160855591061768 1.0
EDGE: 869 48 90 100 13.380212452225672 19.893411581077174 1.0
EDGE: 870 48 91 0 60.95391260306089 11.482183229428033 1.0
EDGE: 871 48 92 200 62.450241149871964 18.015594267558928 1.0
EDGE: 872 48 93 100 75.32883272003725 18.591530350308584 1.0
EDGE: 873 48 94 700 34.233990666290396 3.7891215029859864 1.0
EDGE: 874 48 95 600 44.48783651691611 10.738228699805322 1.0
EDGE: 875 48 96 0 48.403593211483155 15.830432458397937 1.0
EDGE: 876 48 97 700 58.723523927307376 2.055735078478686 1.0
EDGE: 877 48 98 400 61.777025313767325 8.233391152746988 1.0
EDGE: 878 48 99 200 24.057919904677938 14.03318631627615 1.0
EDGE: 879 48 100 400 59.83599874369951 3.655186439756714 1.0
EDGE: 880 49 51 200 84.14638950171285 19.351390844171824 1.0
EDGE: 881 49 52 700 65.0413126029429 2.631911569089442 1.0
EDGE: 882 49 53 400 91.34234137340944 11.001234270964954 1.0
EDGE: 883 49 54 200 97.29727055278138 8.416783919897568 1.0
EDGE: 884 49 55 700 73.52423332169266 7.3524605896301205 1.0
EDGE: 885 49 56 600 64.41669641372258 18.383981147328104 1.0
EDGE: 886 49 57 700 65.7864997818723 17.590800051420434 1.0
EDGE: 887 49 58 0 32.938132664879106 8.791055047860844 1.0
EDGE: 888 49 59 400 38.5959074926558 15.691415666071851 1.0
EDGE: 889 49 60 500 92.14677183837625 1.4428992424884703 1.0
EDGE: 890 49 61 600 46.51494516843994 13.84663242981938 1.0
EDGE: 891 49 62 400 36.650672480414855 1.5502346732785368 1.0
EDGE: 892 49 63 200 24.093779567132948 8.015918549913696 1.0
EDGE: 893 49 64 100 15.363862647865682 18.825580660224805 1.0
EDGE: 894 49 65 0 28.03236164400605 10.01609423379247 1.0
EDGE: 895 49 66 300 77.24783500281417 8.609686980371482 1.0
EDGE: 896 49 67 300 37.21423865415473 5.319723863296948 1.0
EDGE: 897 49 68 700 76.66305591994708 11.571386080894797 1.0
EDGE: 898 49 69 300 64.71362169590394 3.4796751910669057 1.0
EDGE: 899 49 70 200 73.68200004527469 15.273844710273428 1.0
EDGE: 900 49 71 400 98.37729339148443 10.847800388577241 1.0
EDGE: 901 49 72 700 37.215303887333164 15.650173371427005 1.0
EDGE: 902 49 73 100 39.08290184455291 7.005720459533909 1.0
EDGE: 903 49 74 200 21.302600170779996 1.181370474416645 1.0
EDGE: 904 49 75 100 98.2752088070773 11.075670254629973 1.0
EDGE: 905 49 76 700 27.41957355989881 5.319565962833221 1.0
EDGE: 906 49 77 200 68.88185495896582 5.829381212987492 1.0
EDGE: 907 49 78 200 48.15282429235983 16.44953407185468 1.0
EDGE: 908 49 79 600 46.210209562408785 5.262967418386895 1.0
EDGE: 909 49 80 300 90.09408368351383 14.431442398635637 1.0
EDGE: 910 49 81 500 67.92685063050615 5.055781195410136 1.0
EDGE: 911 49 82 100 86.30536468880435 8.517811048280493 1.0
EDGE: 912 49 83 400 34.7212609770598 16.0812138844325 1.0
EDGE: 913 49 84 700 81.20658142629232 13.187642099572765 1.0
EDGE: 914 49 85 600 35.755280252133545 5.8874033490753295 1.0
EDGE: 915 49 86 400 13.237233587370579 17.190698391470008 1.0
EDGE: 916 49 87 400 55.499893636394496 14.815818334174292 1.0
EDGE: 917 49 88 100 63.14369164931939 5.844890600487784 1.0
EDGE: 918 49 89 200 41.06091003933098 15.17569495929556 1.0
EDGE: 919 49 90 300 38.24364998403328 6.3797492034444865 1.0
EDGE: 920 49 91 400 71.59509907497262 17.642286264387437 1.0
EDGE: 921 49 92 400 65.51933138578042 16.868944117838325 1.0
EDGE: 922 49 93 500 33.918324237506084 2.7968934392313005 1.0
EDGE: 923 49 94 300 28.890970549742146 7.044826490912814 1.0
EDGE: 924 49 95 700 30.90729050072625 1.4766573484083967 1.0
EDGE: 925 49 96 200 68.52217678799974 13.037954155632812 1.0
EDGE: 926 49 97 500 71.79639749561119 6.352066101392444 1.0
EDGE: 927 49 98 700 72.50870150305958 10.834577064920827 1.0
EDGE: 928 49 99 700 45.971321183826156 9.900156005435313 1.0
EDGE: 929 49 100 600 73.80220869392706 17.99504662891317 1.0
EDGE: 930 50 51 400 14.360854744028241 12.691373117299282 1.0
EDGE: 931 50 52 500 67.7205693209544 3.926119179461357 1.0
EDGE: 932 50 53 200 65.02856788631257 2.658061548181657 1.0
EDGE: 933 50 54 700 37.89629725048833 10.750123856884716 1.0
EDGE: 934 50 55 0 82.06588035524032 5.76254871066691 1.0
EDGE: 935 50 56 0 11.01463486504983 17.563956791098782 1.0
EDGE: 936 50 57 100 69.38807061531111 9.232798616688234 1.0
EDGE: 937 50 58 300 73.19287588522035 16.630883904813057 1.0
EDGE: 938 50 59 300 73.53480407993169 19.283597894453443 1.0
EDGE: 939 50 60 700 33.35250255584922 14.798104160089531 1.0
EDGE: 940 50 61 0 32.07674948695348 6.991246058000174 1.0
EDGE: 941 50 62 0 61.435655675874216 1.1830579824930871 1.0
EDGE: 942 50 63 500 76.72982553703861 13.739716537628798 1.0
EDGE: 943 50 64 200 51.817562233579956 2.921436506272966 1.0
EDGE: 944 50 65 600 42.77866584394297 8.406262411415472 1.0
EDGE: 945 50 66 0 74.76641431615305 13.519868872071818 1.0
EDGE: 946 50 67 100 18.91082754916916 5.204426126441132 1.0
EDGE: 947 50 68 400 71.3023166792835 1.106254120800902 1.0
EDGE: 948 50 69 200 14.063359142720213 5.852433237063269 1.0
EDGE: 949 50 70 0 29.30684157267264 18.620704014978553 1.0
EDGE: 950 50 71 0 80.38323205528732 18.48492930730522 1.0
EDGE: 951 50 72 400 11.234751210255201 5.740068285806577 1.0
EDGE: 952 50 73 700 93.90324418752765 11.476035050053685 1.0
EDGE: 953 50 74 500 56.27945531474285 17.07901076069714 1.0
EDGE: 954 50 75 0 37.03493279882565 7.091684937263603 1.0
EDGE: 955 50 76 500 92.34377954799876 19.960604047377014 1.0
EDGE: 956 50 77 300 29.480062676402298 11.639219399224999 1.0
EDGE: 957 50 78 100 15.667571353162856 5.799410804598594 1.0
EDGE: 958 50 79 500 96.66227461637547 15.532199102994609 1.0
EDGE: 959 50 80 0 28.463750535993416 4.890024230220696 1.0
EDGE: 960 50 81 300 47.28040850511227 16.438412985218285 1.0
EDGE: 961 50 82 0 87.41433580521014 17.144030275808312 1.0
EDGE: 962 50 83 200 34.0851188895374 4.4290387617358 1.0
EDGE: 963 50 84 100 38.37801235451282 9.06836889002832 1.0
EDGE: 964 50 85 400 54.48030738302157 4.796941037492058 1.0
EDGE: 965 50 86 500 55.16082870300199 18.02805099598814 1.0
EDGE: 966 50 87 500 90.0509462096179 12.962059368899885 1.0
EDGE: 967 50 88 500 32.70154160857014 10.586215441284756 1.0
EDGE: 968 50 89 400 86.61886216027153 2.631865598176138 1.0
EDGE: 969 50 90 200 27.52322208142355 1.4644788037633303 1.0
EDGE: 970 50 91 200 78.92803313554542 3.1348556938501693 1.0
EDGE: 971 50 92 100 80.80263661843726 13.416558752727045 1.0
EDGE: 972 50 93 500 66.56096185462226 18.59504366740077 1.0
EDGE: 973 50 94 0 31.909003945010532 14.058133616308472 1.0
EDGE: 974 50 95 100 80.18769432782726 3.365429170467039 1.0
EDGE: 975 50 96 600 42.7636702188723 8.445907671422733 1.0
EDGE: 976 50 97 300 89.7490470018791 17.88840506854002 1.0
EDGE: 977 50 98 600 55.87226476102536 14.948854291601815 1.0
EDGE: 978 50 99 500 58.67558670578557 9.901074755287167 1.0
EDGE: 979 50 100 200 31.38090944313028 17.704599815761807 1.0
