NAME : null
NBR_NODES : 20
NBR_EDGES : 91
T : 186.41831529706593
# NODE: i x_i y_i b_i g_i s_i
# x_i, y_i : x, y of node i
# b_i : demand of node_i, <0 for depot, >0 for client, =0 for platforms
# g_i : cost for using node i, >0 only for platforms
# s_i : time for crossing node _i, >0 only for platforms
NODE: 1 10 10 -10 0.0 0.0
NODE: 2 10 20 -26 0.0 0.0
NODE: 3 10 30 -16 0.0 0.0
NODE: 4 10 40 -18 0.0 0.0
NODE: 5 10 50 -35 0.0 0.0
NODE: 6 50 10 0 41.30665418873325 1.0
NODE: 7 50 20 0 55.09999857537571 1.0
NODE: 8 50 30 0 31.37681063894548 1.0
NODE: 9 50 40 0 84.0369466716192 1.0
NODE: 10 50 50 0 18.063088276660928 1.0
NODE: 11 50 60 0 40.857644386856016 1.0
NODE: 12 50 70 0 72.420325995746 1.0
NODE: 13 100 10 16 0.0 0.0
NODE: 14 100 20 11 0.0 0.0
NODE: 15 100 30 14 0.0 0.0
NODE: 16 100 40 14 0.0 0.0
NODE: 17 100 50 10 0.0 0.0
NODE: 18 100 60 12 0.0 0.0
NODE: 19 100 70 12 0.0 0.0
NODE: 20 100 80 16 0.0 0.0
# EDGE: k i j u_ij c_ij h_ij t_ij
# i : starting node of edge k
# j : ending node of edge k
# u_ij : capacity of edge (i,j)
# c_ij : fixed cost for the use of (i,j)
# h_ij : unit cost for (i,j)
# t_ij : delivery time for (i,j)
EDGE: 1 1 6 200 92.92344746291522 11.338333341171293 1.0
EDGE: 2 1 7 800 42.61869876727072 16.381241359419896 1.0
EDGE: 3 1 8 300 69.04311643669448 18.743028114495612 1.0
EDGE: 4 1 9 200 38.83192716757078 13.320306894266798 1.0
EDGE: 5 1 10 800 40.29117964531733 11.547800906139322 1.0
EDGE: 6 1 11 100 43.2737350341732 12.667941985210454 1.0
EDGE: 7 1 12 900 47.71315737503078 7.35587211984244 1.0
EDGE: 8 2 6 1700 44.027451588698504 5.237175905981433 1.0
EDGE: 9 2 7 1000 71.62221355934157 2.225314175434284 1.0
EDGE: 10 2 8 1600 18.802838723401052 1.7141291842483164 1.0
EDGE: 11 2 9 1600 68.54796796088746 10.487937154824875 1.0
EDGE: 12 2 10 300 99.80148660560172 10.757629644905444 1.0
EDGE: 13 2 11 2300 73.2079181407286 16.995844554625553 1.0
EDGE: 14 2 12 300 53.5461845442011 4.227672572229658 1.0
EDGE: 15 3 6 400 18.509225717527677 16.13551086816029 1.0
EDGE: 16 3 7 200 34.93210359575496 17.757573068470975 1.0
EDGE: 17 3 8 900 29.08873843045623 12.699216935574265 1.0
EDGE: 18 3 9 300 97.25758614863028 7.634646299851955 1.0
EDGE: 19 3 10 400 76.39901793099718 16.45369039640925 1.0
EDGE: 20 3 11 1100 12.492382315484779 1.7042695115429798 1.0
EDGE: 21 3 12 1200 65.84819989047998 9.995795252331042 1.0
EDGE: 22 4 6 400 78.54108478669153 3.76215937917271 1.0
EDGE: 23 4 7 600 99.00150932214702 7.235111504132243 1.0
EDGE: 24 4 8 400 12.759668359625024 8.649717587513749 1.0
EDGE: 25 4 9 1600 46.3522248475265 1.5932549578198656 1.0
EDGE: 26 4 10 1000 73.48283952832466 15.017280610440311 1.0
EDGE: 27 4 11 1100 18.66991413535859 6.759771227420517 1.0
EDGE: 28 4 12 1700 23.820113747840118 3.4701230437721176 1.0
EDGE: 29 5 6 1600 17.433763076597025 17.59445643585027 1.0
EDGE: 30 5 7 1400 34.478338498267775 4.562056269103623 1.0
EDGE: 31 5 8 4000 37.358785384463346 8.515944728606206 1.0
EDGE: 32 5 9 3100 84.86855092903548 5.851464014376061 1.0
EDGE: 33 5 10 1400 26.52274524135978 15.466406183281869 1.0
EDGE: 34 5 11 4800 24.254925088818766 2.984623242659888 1.0
EDGE: 35 5 12 4900 32.10161119757389 10.292197636201061 1.0
EDGE: 36 6 13 1500 47.20366600569012 10.521149528367603 1.0
EDGE: 37 6 14 100 72.22132499326659 3.1303152469304107 1.0
EDGE: 38 6 15 700 10.089629092213036 4.966414361437241 1.0
EDGE: 39 6 16 1500 16.93373234242337 15.140486933573213 1.0
EDGE: 40 6 17 900 87.9184959885447 5.225773114023497 1.0
EDGE: 41 6 18 1500 53.82446002081273 5.672750243701194 1.0
EDGE: 42 6 19 800 73.22231415200596 6.445456631116966 1.0
EDGE: 43 6 20 200 86.26056685061619 13.71036186280551 1.0
EDGE: 44 7 13 1100 41.28621856568941 19.954957676893777 1.0
EDGE: 45 7 14 200 34.78578578083442 18.177877954877214 1.0
EDGE: 46 7 15 1400 88.46413683959423 1.7757673216316232 1.0
EDGE: 47 7 16 1500 64.67114509355093 14.454254509780172 1.0
EDGE: 48 7 17 500 22.841287359679242 7.9112977387525705 1.0
EDGE: 49 7 18 900 55.12881342779997 11.180804485489134 1.0
EDGE: 50 7 19 1200 89.00131534421912 7.382838427849919 1.0
EDGE: 51 7 20 100 78.19695866277715 17.203864458881682 1.0
EDGE: 52 8 13 1500 51.155838241377 4.7263906853602995 1.0
EDGE: 53 8 14 400 77.80343517728807 17.24200629910755 1.0
EDGE: 54 8 15 1300 11.39422722246741 7.415218703515381 1.0
EDGE: 55 8 16 1000 22.0161277486515 15.617640490099625 1.0
EDGE: 56 8 17 1400 62.31145320176446 5.42296792323669 1.0
EDGE: 57 8 18 100 23.987740456414887 4.142858082693666 1.0
EDGE: 58 8 19 1500 35.77178859805964 1.892188313802707 1.0
EDGE: 59 8 20 900 39.60287159459152 18.9993501170644 1.0
EDGE: 60 9 13 100 92.06619125716749 5.623112780268683 1.0
EDGE: 61 9 14 1700 32.33515155838867 19.202251637505988 1.0
EDGE: 62 9 15 1000 36.22117314997185 14.847526531174925 1.0
EDGE: 63 9 16 900 78.3223001318379 7.987750131191747 1.0
EDGE: 64 9 17 200 40.716970206926916 7.502578315329147 1.0
EDGE: 65 9 18 1700 87.16686606069965 6.214309618211048 1.0
EDGE: 66 9 19 800 76.37283400851699 14.969374031712672 1.0
EDGE: 67 9 20 1200 96.47051003091889 4.6173444205160195 1.0
EDGE: 68 10 13 800 55.657239564364495 18.991195269195234 1.0
EDGE: 69 10 14 1400 50.60960801860152 7.507193129270763 1.0
EDGE: 70 10 15 600 15.180839958774097 5.236189084110453 1.0
EDGE: 71 10 16 1400 66.7600005925186 19.25023826467927 1.0
EDGE: 72 10 17 1700 46.62996947147733 17.719373695792182 1.0
EDGE: 73 10 18 700 53.678707379900196 19.6230033201676 1.0
EDGE: 74 10 19 500 67.89851321087257 6.048796923534731 1.0
EDGE: 75 10 20 700 91.25040076057007 16.879088115148903 1.0
EDGE: 76 11 13 900 88.67595224459966 3.210701529666246 1.0
EDGE: 77 11 14 1400 31.30647208178019 6.118773723563754 1.0
EDGE: 78 11 15 700 27.24939757087838 17.358532451904846 1.0
EDGE: 79 11 16 1100 42.72449585818465 7.301142755394019 1.0
EDGE: 80 11 17 400 47.777427950420055 13.820633436318323 1.0
EDGE: 81 11 18 400 66.31588568672908 19.98856282098344 1.0
EDGE: 82 11 19 1400 69.79353086074438 7.291478104890218 1.0
EDGE: 83 11 20 900 37.50959092679161 2.663376548825552 1.0
EDGE: 84 12 13 800 94.19699847308478 3.9212749000343408 1.0
EDGE: 85 12 14 600 57.33961111154486 8.206633670842425 1.0
EDGE: 86 12 15 1000 42.48902494008595 12.768794195964198 1.0
EDGE: 87 12 16 900 74.7441657414872 3.8787222772349264 1.0
EDGE: 88 12 17 900 78.51188438711984 8.832259425796966 1.0
EDGE: 89 12 18 1100 15.684315872127701 10.891730366535928 1.0
EDGE: 90 12 19 1400 64.4489607058567 19.62314414405211 1.0
EDGE: 91 12 20 1500 57.089857041862345 6.413390970799403 1.0
EOF
