NAME : null
NBR_NODES : 50
NBR_EDGES : 525
T : 169.67510355359127
# NODE: i x_i y_i b_i g_i s_i
# x_i, y_i : x, y of node i
# b_i : demand of node_i, <0 for depot, >0 for client, =0 for platforms
# g_i : cost for using node i, >0 only for platforms
# s_i : time for crossing node _i, >0 only for platforms
NODE: 1 10 10 -14 0.0 0.0
NODE: 2 10 20 -16 0.0 0.0
NODE: 3 10 30 -15 0.0 0.0
NODE: 4 10 40 -17 0.0 0.0
NODE: 5 10 50 -8 0.0 0.0
NODE: 6 10 60 -19 0.0 0.0
NODE: 7 10 70 -12 0.0 0.0
NODE: 8 10 80 -8 0.0 0.0
NODE: 9 10 90 -10 0.0 0.0
NODE: 10 10 100 -10 0.0 0.0
NODE: 11 10 110 -9 0.0 0.0
NODE: 12 10 120 -8 0.0 0.0
NODE: 13 10 130 -15 0.0 0.0
NODE: 14 10 140 -18 0.0 0.0
NODE: 15 10 150 -16 0.0 0.0
NODE: 16 10 160 -15 0.0 0.0
NODE: 17 10 170 -14 0.0 0.0
NODE: 18 10 180 -16 0.0 0.0
NODE: 19 10 190 -17 0.0 0.0
NODE: 20 50 10 0 47.31661838041947 1.0
NODE: 21 50 20 0 97.01008842302184 1.0
NODE: 22 50 30 0 90.32702584858689 1.0
NODE: 23 50 40 0 34.7953646276237 1.0
NODE: 24 50 50 0 17.609503546523698 1.0
NODE: 25 50 60 0 97.90510115837232 1.0
NODE: 26 50 70 0 66.80656935077945 1.0
NODE: 27 50 80 0 57.249624661794954 1.0
NODE: 28 50 90 0 25.86472537889681 1.0
NODE: 29 50 100 0 69.87718368010758 1.0
NODE: 30 50 110 0 25.31134712684228 1.0
NODE: 31 50 120 0 14.961264283421954 1.0
NODE: 32 50 130 0 98.19661041950013 1.0
NODE: 33 50 140 0 61.20427761238744 1.0
NODE: 34 50 150 0 48.623606744813614 1.0
NODE: 35 100 10 7 0.0 0.0
NODE: 36 100 20 15 0.0 0.0
NODE: 37 100 30 21 0.0 0.0
NODE: 38 100 40 17 0.0 0.0
NODE: 39 100 50 21 0.0 0.0
NODE: 40 100 60 19 0.0 0.0
NODE: 41 100 70 13 0.0 0.0
NODE: 42 100 80 8 0.0 0.0
NODE: 43 100 90 20 0.0 0.0
NODE: 44 100 100 15 0.0 0.0
NODE: 45 100 110 8 0.0 0.0
NODE: 46 100 120 20 0.0 0.0
NODE: 47 100 130 16 0.0 0.0
NODE: 48 100 140 16 0.0 0.0
NODE: 49 100 150 11 0.0 0.0
NODE: 50 100 160 30 0.0 0.0
# EDGE: k i j u_ij c_ij h_ij t_ij
# i : starting node of edge k
# j : ending node of edge k
# u_ij : capacity of edge (i,j)
# c_ij : fixed cost for the use of (i,j)
# h_ij : unit cost for (i,j)
# t_ij : delivery time for (i,j)
EDGE: 1 1 20 0 49.46170965449643 7.498584973192172 1.0
EDGE: 2 1 21 0 88.92358827455206 10.795795570563481 1.0
EDGE: 3 1 22 0 16.82559457838156 13.777066803046164 1.0
EDGE: 4 1 23 0 71.4755954639522 7.616747708943711 1.0
EDGE: 5 1 24 0 13.984012632678503 17.68796163654139 1.0
EDGE: 6 1 25 0 44.44012131763331 12.09007546783025 1.0
EDGE: 7 1 26 0 45.70355974342781 15.913171830136887 1.0
EDGE: 8 1 27 0 61.26888386882139 2.7056819268869368 1.0
EDGE: 9 1 28 0 89.6082394733851 16.942384594522853 1.0
EDGE: 10 1 29 0 61.15702808930326 16.464790218096834 1.0
EDGE: 11 1 30 0 95.67967383268046 6.8844827141355935 1.0
EDGE: 12 1 31 0 57.137384942666365 9.80228551856091 1.0
EDGE: 13 1 32 0 80.37705961952229 6.402189169325248 1.0
EDGE: 14 1 33 0 58.970264208614026 4.528772872939047 1.0
EDGE: 15 1 34 2800 96.3534431687893 18.75040493211698 1.0
EDGE: 16 2 20 800 63.05534942997236 17.14781935333133 1.0
EDGE: 17 2 21 200 61.244863922854194 15.64871852958704 1.0
EDGE: 18 2 22 100 14.092239529399954 15.653845454591186 1.0
EDGE: 19 2 23 500 81.50894707855758 17.468549335453897 1.0
EDGE: 20 2 24 200 25.716219529013927 19.66613805501621 1.0
EDGE: 21 2 25 500 39.78948566639174 5.965398795513916 1.0
EDGE: 22 2 26 600 89.835809613809 8.504453096311963 1.0
EDGE: 23 2 27 400 26.78359700967856 1.536670839716584 1.0
EDGE: 24 2 28 600 56.89865954938159 9.561677056870838 1.0
EDGE: 25 2 29 400 71.0879945903537 14.735538376168396 1.0
EDGE: 26 2 30 100 61.812347753119354 3.079013815089941 1.0
EDGE: 27 2 31 300 73.00096228079786 4.521321508252356 1.0
EDGE: 28 2 32 700 62.74665135881573 6.1791672508193765 1.0
EDGE: 29 2 33 100 60.75656191004349 18.476841488098334 1.0
EDGE: 30 2 34 900 62.54385260884042 19.762990003812746 1.0
EDGE: 31 3 20 900 10.167667158767966 10.97322779715689 1.0
EDGE: 32 3 21 600 84.96363651443694 1.625062083902711 1.0
EDGE: 33 3 22 500 21.154367491894686 18.012642225550714 1.0
EDGE: 34 3 23 200 80.48914310662146 14.89367583889786 1.0
EDGE: 35 3 24 900 47.134322382720136 4.229384175780419 1.0
EDGE: 36 3 25 700 48.92074195874683 2.650686303409632 1.0
EDGE: 37 3 26 500 15.751591432477248 13.27985847446565 1.0
EDGE: 38 3 27 400 58.48409565596723 12.336706407387219 1.0
EDGE: 39 3 28 300 31.920554837418578 3.6018621318415835 1.0
EDGE: 40 3 29 200 43.67905374112972 7.297104227275819 1.0
EDGE: 41 3 30 800 16.66144511346344 10.27366354683501 1.0
EDGE: 42 3 31 300 96.59596325834316 3.57428303262539 1.0
EDGE: 43 3 32 800 47.704071673432246 5.4533454613483645 1.0
EDGE: 44 3 33 200 98.92595284645272 1.801702868236658 1.0
EDGE: 45 3 34 700 80.33629068286807 12.628875676986816 1.0
EDGE: 46 4 20 500 84.39173828219207 5.805117771303045 1.0
EDGE: 47 4 21 300 89.47379977781202 8.65937697941781 1.0
EDGE: 48 4 22 300 43.82552855346581 6.266497980712624 1.0
EDGE: 49 4 23 800 76.42779867114392 7.338066653844596 1.0
EDGE: 50 4 24 800 67.62059176192244 2.556099205281119 1.0
EDGE: 51 4 25 700 36.34709053698937 19.957328684682224 1.0
EDGE: 52 4 26 800 32.7830351248372 7.588158075791169 1.0
EDGE: 53 4 27 400 94.81118598692434 11.106392278821364 1.0
EDGE: 54 4 28 900 44.31036977485323 4.305672874827266 1.0
EDGE: 55 4 29 600 54.550971786985635 10.682087591425073 1.0
EDGE: 56 4 30 200 73.12342066257077 17.149744280889617 1.0
EDGE: 57 4 31 400 45.77350411756166 15.843136580369398 1.0
EDGE: 58 4 32 900 45.27814622556268 10.618943572877134 1.0
EDGE: 59 4 33 600 36.06748517241043 5.388463316570975 1.0
EDGE: 60 4 34 400 39.6839194116263 15.774173263711694 1.0
EDGE: 61 5 20 0 28.366001003790277 13.789977571042533 1.0
EDGE: 62 5 21 0 94.05485416586575 16.29449567817265 1.0
EDGE: 63 5 22 0 97.94306130503915 7.860311617527509 1.0
EDGE: 64 5 23 0 41.32070684119016 4.439394019030624 1.0
EDGE: 65 5 24 0 71.920531778081 16.785971857411432 1.0
EDGE: 66 5 25 0 91.22396145225505 14.022932235082507 1.0
EDGE: 67 5 26 0 27.261980331179576 2.006378552392804 1.0
EDGE: 68 5 27 0 14.329610127521928 18.255288852254115 1.0
EDGE: 69 5 28 0 15.730048541538117 3.169258244392771 1.0
EDGE: 70 5 29 0 28.174226280074773 3.0571300904451517 1.0
EDGE: 71 5 30 0 56.78387163972204 18.142862572869408 1.0
EDGE: 72 5 31 0 27.78088677886942 18.2022882258159 1.0
EDGE: 73 5 32 0 21.893134981174164 10.815477644332852 1.0
EDGE: 74 5 33 0 35.26649571405373 13.394220005779381 1.0
EDGE: 75 5 34 1600 46.245304343396825 8.162695257689522 1.0
EDGE: 76 6 20 300 85.7680707319001 12.131707820494732 1.0
EDGE: 77 6 21 600 56.322621366831946 5.81291481172576 1.0
EDGE: 78 6 22 900 39.41458275446685 2.9692788628085824 1.0
EDGE: 79 6 23 800 84.32540751298346 14.091541394356778 1.0
EDGE: 80 6 24 200 11.570866473633446 15.527802290780585 1.0
EDGE: 81 6 25 800 92.91824170627531 11.274356382685937 1.0
EDGE: 82 6 26 900 66.0802024929099 17.36074429625398 1.0
EDGE: 83 6 27 500 36.27558252583185 12.530517701399425 1.0
EDGE: 84 6 28 200 88.73211868151672 13.531538120825587 1.0
EDGE: 85 6 29 900 95.9033793265541 11.78567045693326 1.0
EDGE: 86 6 30 200 60.68196668713496 13.507547365504868 1.0
EDGE: 87 6 31 600 62.21326394279835 14.485628917085608 1.0
EDGE: 88 6 32 500 74.0488446411512 9.72608628878485 1.0
EDGE: 89 6 33 800 95.32584790801535 3.9911013520442498 1.0
EDGE: 90 6 34 400 84.41844010770824 2.937965105459278 1.0
EDGE: 91 7 20 0 81.07973494856743 12.08392535987067 1.0
EDGE: 92 7 21 0 47.47731670117618 19.184032899253804 1.0
EDGE: 93 7 22 0 40.72275155685725 12.815285617093744 1.0
EDGE: 94 7 23 0 29.505264691460155 11.010186869410692 1.0
EDGE: 95 7 24 0 25.262023506896625 9.67637700594037 1.0
EDGE: 96 7 25 0 83.95221689353508 15.276308774729245 1.0
EDGE: 97 7 26 0 17.949403129105754 6.821987748515707 1.0
EDGE: 98 7 27 0 68.82634412565324 13.66460847852294 1.0
EDGE: 99 7 28 0 30.878850397037844 15.827467056631678 1.0
EDGE: 100 7 29 0 52.11985768415332 10.742836448922704 1.0
EDGE: 101 7 30 0 64.17230818208903 7.209549804180877 1.0
EDGE: 102 7 31 0 84.99909355673331 13.187834784031962 1.0
EDGE: 103 7 32 0 68.73064053072353 5.691503155437749 1.0
EDGE: 104 7 33 0 34.98545209022172 16.524898100952043 1.0
EDGE: 105 7 34 2400 76.02620315402102 19.94306609901271 1.0
EDGE: 106 8 20 0 13.853736318753391 15.488409186669564 1.0
EDGE: 107 8 21 0 50.91359553806065 15.275650076744903 1.0
EDGE: 108 8 22 0 67.47446065672773 1.8592217407515328 1.0
EDGE: 109 8 23 0 35.93516587660535 9.52327151569813 1.0
EDGE: 110 8 24 0 67.32669260847102 13.384257514377357 1.0
EDGE: 111 8 25 0 98.09783499840759 16.089679214787594 1.0
EDGE: 112 8 26 0 45.90799048180114 17.133784654773294 1.0
EDGE: 113 8 27 0 61.59778299795738 18.89215263196007 1.0
EDGE: 114 8 28 0 70.76799908686426 4.401851496069037 1.0
EDGE: 115 8 29 0 22.46959357574088 16.682435580626517 1.0
EDGE: 116 8 30 0 34.392261713576126 14.005337084761743 1.0
EDGE: 117 8 31 0 53.636377668605945 7.975273595413053 1.0
EDGE: 118 8 32 0 29.66281506290307 14.587092822368266 1.0
EDGE: 119 8 33 0 51.337481434586714 1.5650269786638877 1.0
EDGE: 120 8 34 1600 23.12213280139033 18.27864344994141 1.0
EDGE: 121 9 20 0 66.41030620775396 9.360823965614395 1.0
EDGE: 122 9 21 0 80.76697435588889 4.827912555563932 1.0
EDGE: 123 9 22 0 46.402816653696455 2.0207284262053546 1.0
EDGE: 124 9 23 0 83.59869724181374 19.047444651643954 1.0
EDGE: 125 9 24 0 96.9933123504097 2.6153835686749467 1.0
EDGE: 126 9 25 0 52.6566143523181 11.188592259029248 1.0
EDGE: 127 9 26 0 53.69400080371934 4.301608186314974 1.0
EDGE: 128 9 27 0 65.76093237349208 1.5971356563720671 1.0
EDGE: 129 9 28 0 57.314950474776694 10.736407054088943 1.0
EDGE: 130 9 29 0 30.6918534235227 15.755803307078889 1.0
EDGE: 131 9 30 0 69.1649812747687 8.711870459327113 1.0
EDGE: 132 9 31 0 52.031407596879504 19.569165293790807 1.0
EDGE: 133 9 32 0 64.46605970499203 10.24142659661164 1.0
EDGE: 134 9 33 0 81.39454285562584 13.496363384336934 1.0
EDGE: 135 9 34 2000 54.95775140356738 2.0779177057969873 1.0
EDGE: 136 10 20 0 83.27607817039835 11.887151616277901 1.0
EDGE: 137 10 21 0 14.168311017436771 6.393972318501656 1.0
EDGE: 138 10 22 0 81.24006848137908 18.62671258115318 1.0
EDGE: 139 10 23 0 71.32893600938206 5.105132459328758 1.0
EDGE: 140 10 24 0 11.67811429160722 19.9447191902794 1.0
EDGE: 141 10 25 0 12.407809245708096 17.066215953008186 1.0
EDGE: 142 10 26 0 54.86323218873251 19.994110642239136 1.0
EDGE: 143 10 27 0 29.240417411746044 14.121375656499556 1.0
EDGE: 144 10 28 0 65.52580234375091 16.555052232346366 1.0
EDGE: 145 10 29 0 90.23277077137277 12.738325999537551 1.0
EDGE: 146 10 30 0 77.6781791079731 8.969547582666994 1.0
EDGE: 147 10 31 0 98.61404953917975 17.70720643851552 1.0
EDGE: 148 10 32 0 10.914517637140435 2.1621685444886767 1.0
EDGE: 149 10 33 0 56.71524806675522 12.134548101919085 1.0
EDGE: 150 10 34 2000 57.91239260565532 13.352379137675108 1.0
EDGE: 151 11 20 0 17.250401790863556 2.7128184699637607 1.0
EDGE: 152 11 21 0 15.362749199347336 16.813911559186344 1.0
EDGE: 153 11 22 0 75.07691919467094 19.9960017314254 1.0
EDGE: 154 11 23 0 73.05476446139923 13.786676146080584 1.0
EDGE: 155 11 24 0 45.41160305924921 16.16169687993014 1.0
EDGE: 156 11 25 0 18.342186672496414 1.396660069375273 1.0
EDGE: 157 11 26 0 26.97894830007549 6.490193032985982 1.0
EDGE: 158 11 27 0 45.71770200607708 18.189295936277738 1.0
EDGE: 159 11 28 0 11.068215505623268 7.540992569579184 1.0
EDGE: 160 11 29 0 83.72188205814945 11.631759182433214 1.0
EDGE: 161 11 30 0 49.97591105865898 13.757253036061167 1.0
EDGE: 162 11 31 0 63.913319830598944 18.68967019394222 1.0
EDGE: 163 11 32 0 90.81018703893719 11.978615443367403 1.0
EDGE: 164 11 33 0 69.12645077051073 15.333666694163671 1.0
EDGE: 165 11 34 1800 43.13375893084791 19.092886366268218 1.0
EDGE: 166 12 20 0 40.74368723154999 11.581313133588656 1.0
EDGE: 167 12 21 0 41.42186707520204 18.807046139207024 1.0
EDGE: 168 12 22 0 97.20836631268664 4.429821819268244 1.0
EDGE: 169 12 23 0 75.81188190036514 1.26804588791189 1.0
EDGE: 170 12 24 0 18.505134746441147 13.785047284322182 1.0
EDGE: 171 12 25 0 77.12107954247779 10.013869230361706 1.0
EDGE: 172 12 26 0 73.83428621464 13.24222962493897 1.0
EDGE: 173 12 27 0 34.6091966071522 10.485322094098041 1.0
EDGE: 174 12 28 0 82.20662983685651 9.323949013199389 1.0
EDGE: 175 12 29 0 17.462259166427195 7.079020962583738 1.0
EDGE: 176 12 30 0 98.18546488867595 14.530766122206758 1.0
EDGE: 177 12 31 0 83.4743262593272 4.47205106657809 1.0
EDGE: 178 12 32 0 17.50220227348247 6.310012229027285 1.0
EDGE: 179 12 33 0 80.9036490247778 2.698757613617077 1.0
EDGE: 180 12 34 1600 99.77221115766771 6.7982013253863105 1.0
EDGE: 181 13 20 700 91.97983276159522 11.210144544350158 1.0
EDGE: 182 13 21 800 18.037448056765335 4.942530691283384 1.0
EDGE: 183 13 22 200 39.03856942897558 14.896344333505183 1.0
EDGE: 184 13 23 800 97.36242197197772 17.35694042117856 1.0
EDGE: 185 13 24 900 56.76049502514089 19.8026345982822 1.0
EDGE: 186 13 25 200 57.21008572165949 19.018199631962116 1.0
EDGE: 187 13 26 400 16.490734663701573 7.019460360433724 1.0
EDGE: 188 13 27 800 44.82417286905926 11.65748658645642 1.0
EDGE: 189 13 28 900 31.11568911484052 7.976940697613843 1.0
EDGE: 190 13 29 600 39.34458313137708 8.452936265664386 1.0
EDGE: 191 13 30 800 11.473649100207302 6.12432273552367 1.0
EDGE: 192 13 31 800 28.882363164081397 3.378617668877124 1.0
EDGE: 193 13 32 600 57.77578105034357 1.724852231846426 1.0
EDGE: 194 13 33 700 55.28083397301929 17.315416781392837 1.0
EDGE: 195 13 34 200 72.01404580309506 11.246531489356368 1.0
EDGE: 196 14 20 100 53.78944202311546 13.779285931788158 1.0
EDGE: 197 14 21 300 59.832628149996076 5.579232575145565 1.0
EDGE: 198 14 22 300 67.37690206 13.872336752543283 1.0
EDGE: 199 14 23 500 92.83941121643956 5.058631628716636 1.0
EDGE: 200 14 24 600 87.91017585629987 3.8122359087907487 1.0
EDGE: 201 14 25 800 94.83410912188782 3.027440021742215 1.0
EDGE: 202 14 26 700 58.92584752285938 12.145384631137064 1.0
EDGE: 203 14 27 700 87.92954966114544 2.414392631358967 1.0
EDGE: 204 14 28 400 57.22049793467084 16.49933739517919 1.0
EDGE: 205 14 29 900 27.042738557860023 17.561468848235954 1.0
EDGE: 206 14 30 800 62.98657923262991 9.479939226493723 1.0
EDGE: 207 14 31 200 83.73222184170558 12.27981012031092 1.0
EDGE: 208 14 32 400 10.720407373598615 7.068642494601024 1.0
EDGE: 209 14 33 300 12.858330291204556 15.864807530018826 1.0
EDGE: 210 14 34 400 25.62879715921958 15.625481117510775 1.0
EDGE: 211 15 20 900 38.042854009598905 17.550823064345206 1.0
EDGE: 212 15 21 900 52.76092888221747 16.353157802593074 1.0
EDGE: 213 15 22 900 44.4047304051741 4.636017650845528 1.0
EDGE: 214 15 23 900 88.5919864433331 11.827727483139677 1.0
EDGE: 215 15 24 600 99.54828894958077 1.257751742378645 1.0
EDGE: 216 15 25 500 87.28515004265579 12.951335549141193 1.0
EDGE: 217 15 26 300 36.28061117512425 7.549029400280033 1.0
EDGE: 218 15 27 400 76.35848531015614 1.4324819989571513 1.0
EDGE: 219 15 28 400 83.03461298703104 9.656452932772181 1.0
EDGE: 220 15 29 500 48.98330862642392 2.649285540557147 1.0
EDGE: 221 15 30 300 50.474327955944226 7.850157764288557 1.0
EDGE: 222 15 31 700 32.6405899444281 9.50120617007826 1.0
EDGE: 223 15 32 400 95.25905029918027 14.706195866557776 1.0
EDGE: 224 15 33 600 36.361938665139036 15.604704927890918 1.0
EDGE: 225 15 34 500 74.4428289564923 18.091837002441334 1.0
EDGE: 226 16 20 900 51.28175600605436 2.9383054470427714 1.0
EDGE: 227 16 21 700 16.48590374309438 3.434255405566363 1.0
EDGE: 228 16 22 200 31.727098744915875 18.79252424470716 1.0
EDGE: 229 16 23 500 27.35465075809664 1.503072703918066 1.0
EDGE: 230 16 24 200 76.57183442489828 6.6301404586300885 1.0
EDGE: 231 16 25 600 42.68657505747803 18.687222870139983 1.0
EDGE: 232 16 26 500 63.081636256317914 10.212276084472165 1.0
EDGE: 233 16 27 700 39.496949285702044 15.496612696366265 1.0
EDGE: 234 16 28 200 77.976383719545 7.095751045793046 1.0
EDGE: 235 16 29 700 83.40362889902752 8.769039187942123 1.0
EDGE: 236 16 30 600 42.93653789128789 19.357181746037313 1.0
EDGE: 237 16 31 500 59.846613840873246 16.812840063516305 1.0
EDGE: 238 16 32 300 14.280040735125924 14.149300882567257 1.0
EDGE: 239 16 33 800 40.278940275916 8.465742861131593 1.0
EDGE: 240 16 34 700 49.0363241422659 4.44495259131531 1.0
EDGE: 241 17 20 0 96.80543133959378 2.8003799194522507 1.0
EDGE: 242 17 21 0 82.14395583517464 5.074243958005319 1.0
EDGE: 243 17 22 0 21.245892521350424 14.956940254634612 1.0
EDGE: 244 17 23 0 11.998522001659676 16.910315599738276 1.0
EDGE: 245 17 24 0 57.099316177562535 4.333427442273155 1.0
EDGE: 246 17 25 0 34.07728785364804 7.80920371766884 1.0
EDGE: 247 17 26 0 85.38563318327544 5.113990136536303 1.0
EDGE: 248 17 27 0 24.867192392338566 15.659255616763064 1.0
EDGE: 249 17 28 0 37.841607734644654 15.865795609973508 1.0
EDGE: 250 17 29 0 40.8227675242923 9.645577463610076 1.0
EDGE: 251 17 30 0 13.447405935134746 8.684913370791048 1.0
EDGE: 252 17 31 0 59.58051165859862 5.584973588618599 1.0
EDGE: 253 17 32 0 36.760426801297605 5.121680515127309 1.0
EDGE: 254 17 33 0 83.1563112824426 4.936853697033418 1.0
EDGE: 255 17 34 2800 49.03293503836102 18.86601459707572 1.0
EDGE: 256 18 20 300 35.352437292450404 15.845568852274099 1.0
EDGE: 257 18 21 500 25.59008623310643 11.923144116814777 1.0
EDGE: 258 18 22 600 78.1007142730036 1.319653586958269 1.0
EDGE: 259 18 23 100 45.44487107377398 15.760226231741143 1.0
EDGE: 260 18 24 900 13.968408944914888 3.403435429794865 1.0
EDGE: 261 18 25 900 71.62657930275735 3.6543185350615905 1.0
EDGE: 262 18 26 700 64.55339104865483 12.946486514050031 1.0
EDGE: 263 18 27 100 33.199313364588136 17.222173232690416 1.0
EDGE: 264 18 28 300 26.995141719269157 14.326379829820386 1.0
EDGE: 265 18 29 600 12.447126303433986 9.86232693315458 1.0
EDGE: 266 18 30 500 43.32818340429619 12.230226909231819 1.0
EDGE: 267 18 31 300 93.20236952844746 14.589949992961177 1.0
EDGE: 268 18 32 100 29.904453408195607 4.350456534016835 1.0
EDGE: 269 18 33 100 78.79376666314381 13.494924526859604 1.0
EDGE: 270 18 34 800 56.61123870049497 1.60030998053937 1.0
EDGE: 271 19 20 100 30.590810496532907 11.80362366067596 1.0
EDGE: 272 19 21 300 28.111175966253963 12.204521593187112 1.0
EDGE: 273 19 22 800 80.62104149697545 7.274856747760014 1.0
EDGE: 274 19 23 200 11.830936547709932 5.770645337291944 1.0
EDGE: 275 19 24 500 64.23675729727876 6.410451286428928 1.0
EDGE: 276 19 25 500 59.92511299619729 11.196507872064187 1.0
EDGE: 277 19 26 500 81.30772032918155 15.710938665985584 1.0
EDGE: 278 19 27 900 14.941892685039374 13.01924837001814 1.0
EDGE: 279 19 28 700 56.916444531698815 16.956816318989098 1.0
EDGE: 280 19 29 300 81.4170774472974 18.56141528941928 1.0
EDGE: 281 19 30 600 85.03258740778897 16.24584930208549 1.0
EDGE: 282 19 31 800 88.12300987864181 7.979593208284528 1.0
EDGE: 283 19 32 300 31.143050482038504 14.266885723369434 1.0
EDGE: 284 19 33 900 68.19897264530522 16.071021857487132 1.0
EDGE: 285 19 34 500 42.3143110810652 16.040649746390322 1.0
EDGE: 286 20 35 100 36.88960735578512 10.443681735546832 1.0
EDGE: 287 20 36 100 35.663582454364786 13.107984748480076 1.0
EDGE: 288 20 37 100 19.117950852211393 14.405312831048848 1.0
EDGE: 289 20 38 600 38.71534862663099 8.896014468785818 1.0
EDGE: 290 20 39 500 51.61959994077732 15.676833332537727 1.0
EDGE: 291 20 40 100 37.619823390063935 10.742689202804748 1.0
EDGE: 292 20 41 900 86.86462588647812 4.785630372709747 1.0
EDGE: 293 20 42 700 81.70993548353368 11.810187285341746 1.0
EDGE: 294 20 43 300 18.493744997689774 16.744190677677192 1.0
EDGE: 295 20 44 300 65.37334712232214 9.867639909614303 1.0
EDGE: 296 20 45 300 70.49535388533953 16.36953821349207 1.0
EDGE: 297 20 46 500 70.71612737132534 19.673649949108412 1.0
EDGE: 298 20 47 400 14.849955168216043 4.34894825787392 1.0
EDGE: 299 20 48 500 16.99459221930504 2.4390707064945456 1.0
EDGE: 300 20 49 100 24.868569468677844 3.907409377721301 1.0
EDGE: 301 20 50 500 85.291906695534 1.6005148315242375 1.0
EDGE: 302 21 35 700 53.95166282306922 10.682296370105147 1.0
EDGE: 303 21 36 400 79.41599776679749 18.885061172509804 1.0
EDGE: 304 21 37 300 51.995188703863626 12.160729752593513 1.0
EDGE: 305 21 38 700 46.495345863453274 5.396632492967383 1.0
EDGE: 306 21 39 900 24.17026506066434 16.785084435922798 1.0
EDGE: 307 21 40 800 93.24920712527383 5.204503465924863 1.0
EDGE: 308 21 41 700 39.30308490653025 18.582121041449508 1.0
EDGE: 309 21 42 500 56.40884561516111 18.664420512697873 1.0
EDGE: 310 21 43 800 47.581607008294256 17.921204902935177 1.0
EDGE: 311 21 44 600 68.26632423869682 12.452789642731704 1.0
EDGE: 312 21 45 300 19.815595032490933 14.757083808560937 1.0
EDGE: 313 21 46 200 20.827423559334292 14.044409756042317 1.0
EDGE: 314 21 47 500 42.97655371721768 9.462693061750214 1.0
EDGE: 315 21 48 900 94.54524596437422 5.114217898809713 1.0
EDGE: 316 21 49 900 29.244136456516138 13.107455943914319 1.0
EDGE: 317 21 50 400 40.11107370097861 17.09351048535879 1.0
EDGE: 318 22 35 700 68.28560170134514 16.786547733016334 1.0
EDGE: 319 22 36 700 54.2790402490213 19.861117877280353 1.0
EDGE: 320 22 37 800 44.99483824899938 7.356594050727675 1.0
EDGE: 321 22 38 300 83.20117751505941 16.29999449263405 1.0
EDGE: 322 22 39 400 47.417568341001065 7.68327070114549 1.0
EDGE: 323 22 40 300 79.24940300809011 19.199694050129118 1.0
EDGE: 324 22 41 500 52.08926540512491 10.256272517941571 1.0
EDGE: 325 22 42 400 69.80099674088373 9.735200473325621 1.0
EDGE: 326 22 43 500 96.51233970574688 19.77712418691321 1.0
EDGE: 327 22 44 600 88.96416755682742 19.502585900045435 1.0
EDGE: 328 22 45 700 10.999196463954474 7.075297304902954 1.0
EDGE: 329 22 46 900 45.72020833465125 7.841954289347975 1.0
EDGE: 330 22 47 700 54.60767076129462 18.458105368008425 1.0
EDGE: 331 22 48 500 74.45887665134494 8.928152405215263 1.0
EDGE: 332 22 49 200 42.39546323461224 5.349844205952881 1.0
EDGE: 333 22 50 200 46.38350639060733 1.8597087927167786 1.0
EDGE: 334 23 35 700 63.72007215867614 7.825644600901554 1.0
EDGE: 335 23 36 500 92.76242853909062 6.726469360622748 1.0
EDGE: 336 23 37 600 63.81085598232937 19.395512393451195 1.0
EDGE: 337 23 38 500 53.50328511239554 2.3864044839005296 1.0
EDGE: 338 23 39 100 83.33972929093528 5.144015877587323 1.0
EDGE: 339 23 40 300 17.026766843869048 7.432048454205987 1.0
EDGE: 340 23 41 400 93.21708535716893 18.08109762763002 1.0
EDGE: 341 23 42 700 89.91635790760864 5.577046899609667 1.0
EDGE: 342 23 43 900 94.3395052498667 2.3094718330120174 1.0
EDGE: 343 23 44 700 77.32064714247186 9.443274841963131 1.0
EDGE: 344 23 45 600 94.51580844150557 16.364084142348933 1.0
EDGE: 345 23 46 100 47.584753509225486 10.479001720950341 1.0
EDGE: 346 23 47 500 47.298004213472126 18.829093818596093 1.0
EDGE: 347 23 48 900 77.0874581046935 4.488562797325774 1.0
EDGE: 348 23 49 800 39.9437236101264 16.087855631434877 1.0
EDGE: 349 23 50 300 13.760572360127485 2.004012839701062 1.0
EDGE: 350 24 35 800 50.23668118253714 8.811363128976481 1.0
EDGE: 351 24 36 700 30.267119324956724 13.479230425726806 1.0
EDGE: 352 24 37 300 54.391724144668586 14.540625477167826 1.0
EDGE: 353 24 38 600 60.31490527235151 4.036934747489257 1.0
EDGE: 354 24 39 400 30.77104299332924 11.468447861088366 1.0
EDGE: 355 24 40 700 14.082016282965139 7.249093869045853 1.0
EDGE: 356 24 41 100 56.63810724963283 14.276081832520271 1.0
EDGE: 357 24 42 300 81.23081771384034 3.1811847687479906 1.0
EDGE: 358 24 43 800 87.67587690395304 3.6302126251990328 1.0
EDGE: 359 24 44 100 92.48702272480136 6.680778027150634 1.0
EDGE: 360 24 45 900 22.49585925709249 5.6957584573499185 1.0
EDGE: 361 24 46 500 83.26038564109338 18.640916411502136 1.0
EDGE: 362 24 47 500 46.86457179793141 14.769943888281196 1.0
EDGE: 363 24 48 100 85.28357358409728 10.718750166780657 1.0
EDGE: 364 24 49 200 14.8739868452468 7.893118426491739 1.0
EDGE: 365 24 50 700 74.74580768815117 4.739908881347873 1.0
EDGE: 366 25 35 400 66.7824884191159 1.0417939225074495 1.0
EDGE: 367 25 36 800 37.8977985015599 8.769066366939997 1.0
EDGE: 368 25 37 900 25.75293517450586 6.259358495606123 1.0
EDGE: 369 25 38 700 47.604574265898165 13.577176580773363 1.0
EDGE: 370 25 39 100 88.21438467289676 19.82994774725783 1.0
EDGE: 371 25 40 200 86.82272600113687 10.985843116608937 1.0
EDGE: 372 25 41 100 35.07403192085218 5.350933133855878 1.0
EDGE: 373 25 42 800 97.47868887781794 19.319296187283122 1.0
EDGE: 374 25 43 500 63.5059261685641 11.30950188131901 1.0
EDGE: 375 25 44 800 35.72454290011953 10.944442032086751 1.0
EDGE: 376 25 45 500 61.54303566109249 16.5187949675084 1.0
EDGE: 377 25 46 300 97.04797719147061 2.6294545662297164 1.0
EDGE: 378 25 47 100 20.199231711401016 13.519068919817194 1.0
EDGE: 379 25 48 400 37.212919011467534 4.201378311043021 1.0
EDGE: 380 25 49 700 70.34771417869965 8.799357155343177 1.0
EDGE: 381 25 50 100 47.50742820985501 19.733212563716776 1.0
EDGE: 382 26 35 800 94.08250403592764 3.4450947707088826 1.0
EDGE: 383 26 36 500 85.27539646780271 15.24094287244423 1.0
EDGE: 384 26 37 900 52.78950029945468 3.567173024350679 1.0
EDGE: 385 26 38 100 73.20862319849294 18.620990483575543 1.0
EDGE: 386 26 39 200 36.65371158213155 19.617900300394997 1.0
EDGE: 387 26 40 900 73.37583629099743 9.30854795006683 1.0
EDGE: 388 26 41 500 52.82920446976918 18.449331125429126 1.0
EDGE: 389 26 42 200 14.465208782338923 19.88727029377892 1.0
EDGE: 390 26 43 800 41.998330031863276 5.719436205136985 1.0
EDGE: 391 26 44 300 13.216936288954523 2.6307889199841528 1.0
EDGE: 392 26 45 100 95.5467995003896 3.0015771755227316 1.0
EDGE: 393 26 46 200 13.52244706957585 6.706517818196666 1.0
EDGE: 394 26 47 600 58.08116305141285 11.702762008474254 1.0
EDGE: 395 26 48 800 99.166798151355 19.52222363607647 1.0
EDGE: 396 26 49 700 62.515256688363905 3.6461446248284015 1.0
EDGE: 397 26 50 300 68.69081799186321 8.445822224032224 1.0
EDGE: 398 27 35 700 57.45219865437043 1.9232385675656403 1.0
EDGE: 399 27 36 200 33.34956855480613 19.878875360688525 1.0
EDGE: 400 27 37 700 99.08844605776336 16.37131295981004 1.0
EDGE: 401 27 38 400 41.64368660153067 7.414255777722767 1.0
EDGE: 402 27 39 500 52.36655415839931 1.7814432899218704 1.0
EDGE: 403 27 40 600 86.40014287800228 15.558448107113097 1.0
EDGE: 404 27 41 700 68.60310809523389 11.692678878112256 1.0
EDGE: 405 27 42 800 72.87903599626927 1.2489523121311705 1.0
EDGE: 406 27 43 800 79.31847285554724 3.3778031058930242 1.0
EDGE: 407 27 44 700 68.88291744530083 5.147265294099975 1.0
EDGE: 408 27 45 700 78.4948721699442 8.376148970596315 1.0
EDGE: 409 27 46 800 10.34526385966349 2.437901715370279 1.0
EDGE: 410 27 47 600 17.98937574885747 19.678944205983676 1.0
EDGE: 411 27 48 700 38.37462583798269 2.6139264746321853 1.0
EDGE: 412 27 49 300 53.32835851830407 15.422650088350547 1.0
EDGE: 413 27 50 400 56.23103255928042 3.479467943994158 1.0
EDGE: 414 28 35 800 99.60998914239916 11.695764063875997 1.0
EDGE: 415 28 36 900 87.21121434619633 17.349680298676105 1.0
EDGE: 416 28 37 800 19.741321548661233 3.81455866872443 1.0
EDGE: 417 28 38 600 66.9191909072267 12.1786219253334 1.0
EDGE: 418 28 39 300 79.7365272975975 2.1732185255482306 1.0
EDGE: 419 28 40 200 65.89880282969108 14.09552008015183 1.0
EDGE: 420 28 41 100 68.30286866414144 12.523850011313646 1.0
EDGE: 421 28 42 800 71.10475216047166 14.579893454244397 1.0
EDGE: 422 28 43 600 90.44093753193823 5.2918306178569425 1.0
EDGE: 423 28 44 700 97.18868874254747 14.255994182267063 1.0
EDGE: 424 28 45 600 37.28574320424386 18.281963681748184 1.0
EDGE: 425 28 46 200 71.07694234253381 8.037045340176292 1.0
EDGE: 426 28 47 100 66.91521111280778 9.880915272580848 1.0
EDGE: 427 28 48 400 35.81642717896499 6.099738157705119 1.0
EDGE: 428 28 49 700 43.35265205917577 15.611389997919641 1.0
EDGE: 429 28 50 300 72.16530614603786 18.91946088621067 1.0
EDGE: 430 29 35 700 43.48975391149894 6.643526902416693 1.0
EDGE: 431 29 36 600 78.90496347077881 15.346724255275022 1.0
EDGE: 432 29 37 100 14.156681542823836 12.61897462586604 1.0
EDGE: 433 29 38 400 25.349864381172182 19.455255317151295 1.0
EDGE: 434 29 39 700 14.06582151124755 11.89312091058223 1.0
EDGE: 435 29 40 100 52.031836441615745 3.642229567072981 1.0
EDGE: 436 29 41 700 67.85575659736033 9.050941143753146 1.0
EDGE: 437 29 42 500 88.03536253262928 19.211102521441006 1.0
EDGE: 438 29 43 100 31.962015416539238 2.3019374861271547 1.0
EDGE: 439 29 44 500 25.960436894988106 3.4175232408383684 1.0
EDGE: 440 29 45 200 74.54116813991794 4.109634263611856 1.0
EDGE: 441 29 46 400 77.9895480636702 17.708782061541857 1.0
EDGE: 442 29 47 600 54.174838352029255 17.16110244719382 1.0
EDGE: 443 29 48 700 59.035339441235976 4.637274314675511 1.0
EDGE: 444 29 49 800 64.58016653967653 5.531978189951465 1.0
EDGE: 445 29 50 700 55.44553882867203 17.67844404624098 1.0
EDGE: 446 30 35 800 25.05332273267269 19.65244753876527 1.0
EDGE: 447 30 36 300 10.241682852884628 1.9336732376507864 1.0
EDGE: 448 30 37 900 88.8726084848687 11.429659599837892 1.0
EDGE: 449 30 38 800 98.36823364384419 13.448593422053523 1.0
EDGE: 450 30 39 900 64.38770883573648 1.6320483446071856 1.0
EDGE: 451 30 40 100 97.92861973553711 2.6272785427085448 1.0
EDGE: 452 30 41 600 26.0216807090334 12.391021229894758 1.0
EDGE: 453 30 42 200 35.884792508755865 1.9727943915277817 1.0
EDGE: 454 30 43 600 84.91219882623069 18.425484484917785 1.0
EDGE: 455 30 44 400 89.19683216154037 5.1345760729740695 1.0
EDGE: 456 30 45 500 11.418673083874854 4.3446829159900755 1.0
EDGE: 457 30 46 900 84.87919117254036 6.993089437572333 1.0
EDGE: 458 30 47 200 54.22175377869904 11.134812048852444 1.0
EDGE: 459 30 48 800 44.950109913664015 14.262262511009196 1.0
EDGE: 460 30 49 200 93.24181650142891 2.6848763541884715 1.0
EDGE: 461 30 50 700 94.7508091410889 11.840141305906048 1.0
EDGE: 462 31 35 800 46.10297594016037 14.957262276465128 1.0
EDGE: 463 31 36 900 55.610974574985136 7.888244858919696 1.0
EDGE: 464 31 37 900 60.36919292161141 10.15849683887268 1.0
EDGE: 465 31 38 800 55.33711750990697 19.370092141628607 1.0
EDGE: 466 31 39 800 36.279042036036174 3.0156530417686835 1.0
EDGE: 467 31 40 900 92.50039305087576 16.529357709607904 1.0
EDGE: 468 31 41 800 27.205692774715278 5.013880613257233 1.0
EDGE: 469 31 42 100 23.00039487354207 1.5381404877167846 1.0
EDGE: 470 31 43 200 27.568688289616635 2.200522338381018 1.0
EDGE: 471 31 44 600 19.881534254987493 2.2957998663418517 1.0
EDGE: 472 31 45 500 20.424047211498767 15.911292968386038 1.0
EDGE: 473 31 46 500 49.878529649629016 14.108839118228088 1.0
EDGE: 474 31 47 500 99.45928805875232 15.523979379365175 1.0
EDGE: 475 31 48 600 82.66759108745754 2.732293849666757 1.0
EDGE: 476 31 49 300 52.61991709595388 8.095141388278002 1.0
EDGE: 477 31 50 700 71.29986657276066 11.00310903469773 1.0
EDGE: 478 32 35 900 67.09395704620323 7.485274868434684 1.0
EDGE: 479 32 36 400 24.79367508141111 17.04595654209323 1.0
EDGE: 480 32 37 800 97.88104879903896 8.32790538911988 1.0
EDGE: 481 32 38 100 66.36214094408064 13.781975146609176 1.0
EDGE: 482 32 39 600 54.67274442169109 18.948089734718998 1.0
EDGE: 483 32 40 100 33.252756225117665 5.220895268226377 1.0
EDGE: 484 32 41 700 14.27048539398695 3.085782061579113 1.0
EDGE: 485 32 42 200 86.67544363965654 18.7670183981801 1.0
EDGE: 486 32 43 800 48.267883704117025 3.029542755772138 1.0
EDGE: 487 32 44 100 42.79568215796599 9.51951954262464 1.0
EDGE: 488 32 45 200 88.22384599368223 18.516055102093357 1.0
EDGE: 489 32 46 100 18.26926985126159 12.29754589863508 1.0
EDGE: 490 32 47 500 93.05309334566087 18.500916644141423 1.0
EDGE: 491 32 48 500 56.29525461203373 8.870571175047957 1.0
EDGE: 492 32 49 200 85.86066585403127 11.656180113524153 1.0
EDGE: 493 32 50 800 21.66363345465388 8.624484576845258 1.0
EDGE: 494 33 35 300 99.94695048709093 11.200103305301477 1.0
EDGE: 495 33 36 300 85.77435840538553 9.64387513963278 1.0
EDGE: 496 33 37 800 96.20980193719285 19.414588298590175 1.0
EDGE: 497 33 38 400 75.10421951271087 5.940987460135583 1.0
EDGE: 498 33 39 700 26.670329167104928 9.95576727602625 1.0
EDGE: 499 33 40 600 29.098166456428867 2.3118079520902484 1.0
EDGE: 500 33 41 800 61.348893876384004 4.813211518861713 1.0
EDGE: 501 33 42 800 15.961631910360671 3.049762628092802 1.0
EDGE: 502 33 43 400 28.21789426852284 5.523229183492508 1.0
EDGE: 503 33 44 400 67.33040673772996 2.497483413366447 1.0
EDGE: 504 33 45 800 18.457893082754488 17.991721499703804 1.0
EDGE: 505 33 46 400 35.29467107774147 10.167120169860231 1.0
EDGE: 506 33 47 700 81.74365723630184 16.032066252333095 1.0
EDGE: 507 33 48 600 97.75367440548368 14.909660957522947 1.0
EDGE: 508 33 49 300 18.786656641568676 16.473493798245368 1.0
EDGE: 509 33 50 500 50.57770282184421 6.363736720236174 1.0
EDGE: 510 34 35 700 30.86060764897081 6.44543226617752 1.0
EDGE: 511 34 36 500 47.553831349429224 5.664369384225013 1.0
EDGE: 512 34 37 900 38.53659593941083 19.193283086076345 1.0
EDGE: 513 34 38 400 71.59207199853316 5.1421411136017525 1.0
EDGE: 514 34 39 800 94.35438242200584 13.531097691485016 1.0
EDGE: 515 34 40 100 33.16844689510622 6.493248948619137 1.0
EDGE: 516 34 41 200 16.656392762906798 14.786625743069404 1.0
EDGE: 517 34 42 300 74.48157912985482 9.650914502309746 1.0
EDGE: 518 34 43 600 84.3110269578793 10.844205009033994 1.0
EDGE: 519 34 44 300 50.29931922103417 18.338616196991865 1.0
EDGE: 520 34 45 700 64.55177951620061 13.64095404905173 1.0
EDGE: 521 34 46 800 58.97203136602409 19.035614990367588 1.0
EDGE: 522 34 47 800 78.65879526915445 17.22174732204664 1.0
EDGE: 523 34 48 300 49.589039269336666 8.835242629864954 1.0
EDGE: 524 34 49 100 82.70937484000707 6.208432307282182 1.0
EDGE: 525 34 50 200 63.754842981653624 19.426416731581337 1.0
EOF
