NAME : null
NBR_NODES : 100
NBR_EDGES : 1275
T : 122.51836826667814
# NODE: i x_i y_i b_i g_i s_i
# x_i, y_i : x, y of node i
# b_i : demand of node_i, <0 for depot, >0 for client, =0 for platforms
# g_i : cost for using node i, >0 only for platforms
# s_i : time for crossing node _i, >0 only for platforms
NODE: 1 10 10 -18 0.0 0.0
NODE: 2 10 20 -17 0.0 0.0
NODE: 3 10 30 -12 0.0 0.0
NODE: 4 10 40 -15 0.0 0.0
NODE: 5 10 50 -19 0.0 0.0
NODE: 6 10 60 -23 0.0 0.0
NODE: 7 10 70 -23 0.0 0.0
NODE: 8 10 80 -13 0.0 0.0
NODE: 9 10 90 -11 0.0 0.0
NODE: 10 10 100 -23 0.0 0.0
NODE: 11 10 110 -13 0.0 0.0
NODE: 12 10 120 -23 0.0 0.0
NODE: 13 10 130 -10 0.0 0.0
NODE: 14 10 140 -15 0.0 0.0
NODE: 15 10 150 -8 0.0 0.0
NODE: 16 10 160 -12 0.0 0.0
NODE: 17 10 170 -12 0.0 0.0
NODE: 18 10 180 -22 0.0 0.0
NODE: 19 10 190 -21 0.0 0.0
NODE: 20 10 200 -17 0.0 0.0
NODE: 21 10 210 -12 0.0 0.0
NODE: 22 10 220 -18 0.0 0.0
NODE: 23 10 230 -19 0.0 0.0
NODE: 24 10 240 -12 0.0 0.0
NODE: 25 10 250 -21 0.0 0.0
NODE: 26 10 260 -11 0.0 0.0
NODE: 27 10 270 -11 0.0 0.0
NODE: 28 10 280 -18 0.0 0.0
NODE: 29 10 290 -21 0.0 0.0
NODE: 30 10 300 -12 0.0 0.0
NODE: 31 10 310 -15 0.0 0.0
NODE: 32 50 10 0 60.11625414711479 1.0
NODE: 33 50 20 0 49.902704993105345 1.0
NODE: 34 50 30 0 45.753642058060095 1.0
NODE: 35 50 40 0 49.29964419164412 1.0
NODE: 36 50 50 0 70.03987329791539 1.0
NODE: 37 50 60 0 27.44156768590907 1.0
NODE: 38 50 70 0 94.80092471685542 1.0
NODE: 39 50 80 0 28.458317602592224 1.0
NODE: 40 50 90 0 96.36278759731718 1.0
NODE: 41 50 100 0 92.3510473643701 1.0
NODE: 42 50 110 0 19.432914248289325 1.0
NODE: 43 50 120 0 68.35203501811031 1.0
NODE: 44 50 130 0 19.618668149040545 1.0
NODE: 45 50 140 0 94.89652957561535 1.0
NODE: 46 50 150 0 80.28134291095866 1.0
NODE: 47 100 10 4 0.0 0.0
NODE: 48 100 20 11 0.0 0.0
NODE: 49 100 30 9 0.0 0.0
NODE: 50 100 40 6 0.0 0.0
NODE: 51 100 50 6 0.0 0.0
NODE: 52 100 60 10 0.0 0.0
NODE: 53 100 70 11 0.0 0.0
NODE: 54 100 80 7 0.0 0.0
NODE: 55 100 90 10 0.0 0.0
NODE: 56 100 100 8 0.0 0.0
NODE: 57 100 110 7 0.0 0.0
NODE: 58 100 120 6 0.0 0.0
NODE: 59 100 130 13 0.0 0.0
NODE: 60 100 140 6 0.0 0.0
NODE: 61 100 150 8 0.0 0.0
NODE: 62 100 160 6 0.0 0.0
NODE: 63 100 170 4 0.0 0.0
NODE: 64 100 180 10 0.0 0.0
NODE: 65 100 190 5 0.0 0.0
NODE: 66 100 200 12 0.0 0.0
NODE: 67 100 210 10 0.0 0.0
NODE: 68 100 220 6 0.0 0.0
NODE: 69 100 230 11 0.0 0.0
NODE: 70 100 240 5 0.0 0.0
NODE: 71 100 250 7 0.0 0.0
NODE: 72 100 260 8 0.0 0.0
NODE: 73 100 270 10 0.0 0.0
NODE: 74 100 280 7 0.0 0.0
NODE: 75 100 290 7 0.0 0.0
NODE: 76 100 300 10 0.0 0.0
NODE: 77 100 310 6 0.0 0.0
NODE: 78 100 320 6 0.0 0.0
NODE: 79 100 330 12 0.0 0.0
NODE: 80 100 340 5 0.0 0.0
NODE: 81 100 350 8 0.0 0.0
NODE: 82 100 360 7 0.0 0.0
NODE: 83 100 370 13 0.0 0.0
NODE: 84 100 380 4 0.0 0.0
NODE: 85 100 390 6 0.0 0.0
NODE: 86 100 400 6 0.0 0.0
NODE: 87 100 410 7 0.0 0.0
NODE: 88 100 420 9 0.0 0.0
NODE: 89 100 430 12 0.0 0.0
NODE: 90 100 440 10 0.0 0.0
NODE: 91 100 450 6 0.0 0.0
NODE: 92 100 460 7 0.0 0.0
NODE: 93 100 470 12 0.0 0.0
NODE: 94 100 480 11 0.0 0.0
NODE: 95 100 490 6 0.0 0.0
NODE: 96 100 500 12 0.0 0.0
NODE: 97 100 510 7 0.0 0.0
NODE: 98 100 520 5 0.0 0.0
NODE: 99 100 530 9 0.0 0.0
NODE: 100 100 540 71 0.0 0.0
# EDGE: k i j u_ij c_ij h_ij t_ij
# i : starting node of edge k
# j : ending node of edge k
# u_ij : capacity of edge (i,j)
# c_ij : fixed cost for the use of (i,j)
# h_ij : unit cost for (i,j)
# t_ij : delivery time for (i,j)
EDGE: 1 1 32 700 20.618333021373914 15.521701997356487 1.0
EDGE: 2 1 33 300 45.77431943438044 19.686852757397737 1.0
EDGE: 3 1 34 500 92.36379383195576 6.453770737342025 1.0
EDGE: 4 1 35 100 26.651724685531544 18.74346353507413 1.0
EDGE: 5 1 36 800 31.143136689861244 6.088535714461274 1.0
EDGE: 6 1 37 900 71.85315512705218 4.397402982536319 1.0
EDGE: 7 1 38 500 42.92200931885425 10.530444424186225 1.0
EDGE: 8 1 39 300 66.81508551330808 9.74360532047603 1.0
EDGE: 9 1 40 500 55.07656467064352 6.370388038809815 1.0
EDGE: 10 1 41 600 54.146250999650434 8.772358353347322 1.0
EDGE: 11 1 42 800 13.102679514000325 6.5912119603459605 1.0
EDGE: 12 1 43 700 35.36160200427316 13.682133080570168 1.0
EDGE: 13 1 44 100 14.337517477827484 5.798607276129713 1.0
EDGE: 14 1 45 800 73.86684889161779 8.133026500173775 1.0
EDGE: 15 1 46 600 87.79496391228923 12.195351324098226 1.0
EDGE: 16 2 32 700 69.54518905264248 9.233789103154368 1.0
EDGE: 17 2 33 900 81.71652732261332 14.46685828434015 1.0
EDGE: 18 2 34 800 37.79777040051668 4.805398718330438 1.0
EDGE: 19 2 35 600 52.93924748016747 12.496021169070127 1.0
EDGE: 20 2 36 200 38.3894402711614 11.214155744995987 1.0
EDGE: 21 2 37 800 44.68220027155592 17.575303721078445 1.0
EDGE: 22 2 38 700 91.95137867419776 7.817265538424677 1.0
EDGE: 23 2 39 900 51.85311726211388 8.534053541979286 1.0
EDGE: 24 2 40 300 84.49212800334969 2.813876615278981 1.0
EDGE: 25 2 41 800 95.47674289160582 5.94900925797181 1.0
EDGE: 26 2 42 300 42.76862552793835 15.044546247979568 1.0
EDGE: 27 2 43 900 80.34642380917678 13.355964692336656 1.0
EDGE: 28 2 44 900 15.868778267156424 8.032098292941143 1.0
EDGE: 29 2 45 100 32.500549912601166 16.130562710821067 1.0
EDGE: 30 2 46 300 80.85714566507248 7.306842415192451 1.0
EDGE: 31 3 32 0 75.62538518477486 5.456186097527187 1.0
EDGE: 32 3 33 0 22.83529850180053 9.809129888241948 1.0
EDGE: 33 3 34 0 67.985838825613 18.546913172820673 1.0
EDGE: 34 3 35 0 62.268414764918894 1.912204231507458 1.0
EDGE: 35 3 36 0 13.985770428136005 1.0435121642425909 1.0
EDGE: 36 3 37 0 64.92966415276754 8.358323138220566 1.0
EDGE: 37 3 38 0 46.959361591995744 5.250431141742331 1.0
EDGE: 38 3 39 0 92.31396942635021 4.151119440713184 1.0
EDGE: 39 3 40 0 62.295136323836 7.631769844024324 1.0
EDGE: 40 3 41 0 42.87267415324609 1.1971669489197114 1.0
EDGE: 41 3 42 0 92.49417804044069 1.7341838370797684 1.0
EDGE: 42 3 43 0 26.9207043897052 18.239721315539708 1.0
EDGE: 43 3 44 0 18.264126194616637 1.4547037926704127 1.0
EDGE: 44 3 45 0 80.56777463145207 8.377606718330632 1.0
EDGE: 45 3 46 2400 22.25048625816683 12.321431511157122 1.0
EDGE: 46 4 32 700 96.52521015667003 13.212212992095367 1.0
EDGE: 47 4 33 200 64.5068394346622 14.205081745020145 1.0
EDGE: 48 4 34 200 62.13993139782498 19.415576973615668 1.0
EDGE: 49 4 35 500 11.305511987905847 3.6293429139074265 1.0
EDGE: 50 4 36 400 87.50718654739815 5.2625117011691005 1.0
EDGE: 51 4 37 100 91.39025099621475 15.598018547945257 1.0
EDGE: 52 4 38 400 89.01357334032102 4.419756524075441 1.0
EDGE: 53 4 39 800 26.27247915890564 11.606927504783686 1.0
EDGE: 54 4 40 600 96.16191945437572 19.035113037959338 1.0
EDGE: 55 4 41 300 63.67270295775253 19.258519559352838 1.0
EDGE: 56 4 42 500 12.029598010623275 17.91953975961425 1.0
EDGE: 57 4 43 600 55.708615283846704 1.647188800194539 1.0
EDGE: 58 4 44 700 20.21181207585364 13.365170881837491 1.0
EDGE: 59 4 45 400 35.93145945655188 3.433241289784386 1.0
EDGE: 60 4 46 800 63.60143873071728 5.892228199973591 1.0
EDGE: 61 5 32 900 11.81224067198613 4.27349390182837 1.0
EDGE: 62 5 33 800 82.8569806871296 8.967799053270433 1.0
EDGE: 63 5 34 700 41.779312245140474 17.026470843782473 1.0
EDGE: 64 5 35 600 24.91019120817454 9.489441303806597 1.0
EDGE: 65 5 36 600 68.40892067140915 3.900163594257874 1.0
EDGE: 66 5 37 200 94.3649276901733 9.576591451998153 1.0
EDGE: 67 5 38 300 81.87026704649253 5.460327700050688 1.0
EDGE: 68 5 39 700 33.13881105953301 14.962742715445499 1.0
EDGE: 69 5 40 100 40.226656129955046 8.167281171531661 1.0
EDGE: 70 5 41 300 16.19924835569809 11.031358269929159 1.0
EDGE: 71 5 42 800 75.69427382759275 11.859178345817856 1.0
EDGE: 72 5 43 200 13.74536279575853 10.288491150829193 1.0
EDGE: 73 5 44 700 98.46017309507226 3.34971928494772 1.0
EDGE: 74 5 45 700 72.68742825462084 12.815083516511693 1.0
EDGE: 75 5 46 600 92.16103116621989 3.0582749487279433 1.0
EDGE: 76 6 32 400 32.77533569248962 10.99190388990326 1.0
EDGE: 77 6 33 800 77.62423463909383 14.34038523669188 1.0
EDGE: 78 6 34 500 95.22768511080429 3.5401014500433075 1.0
EDGE: 79 6 35 900 93.97285197045731 13.936609147910703 1.0
EDGE: 80 6 36 400 84.21303258003546 7.670341510715297 1.0
EDGE: 81 6 37 400 28.696057287859936 12.707685993390493 1.0
EDGE: 82 6 38 200 34.03488524993347 5.8834892252591375 1.0
EDGE: 83 6 39 500 50.78658719816952 11.573986201991223 1.0
EDGE: 84 6 40 100 77.37199601385787 15.715814006766628 1.0
EDGE: 85 6 41 400 83.54675091586547 5.3272116455281235 1.0
EDGE: 86 6 42 800 62.42550849298826 19.471681561201212 1.0
EDGE: 87 6 43 100 16.164613611414364 1.732319635599389 1.0
EDGE: 88 6 44 800 69.32453150468788 8.73670135112986 1.0
EDGE: 89 6 45 200 35.66184983370959 9.087637737413282 1.0
EDGE: 90 6 46 800 48.641694351372465 4.214301059122359 1.0
EDGE: 91 7 32 100 33.31489025965734 7.161139731010808 1.0
EDGE: 92 7 33 100 67.37025740029006 11.178694311334546 1.0
EDGE: 93 7 34 900 32.15088745863767 16.170845759887065 1.0
EDGE: 94 7 35 500 60.21432862001197 8.587209974426976 1.0
EDGE: 95 7 36 700 94.62006692798114 3.227325349508285 1.0
EDGE: 96 7 37 700 76.54374780354786 17.64495565658201 1.0
EDGE: 97 7 38 300 82.04604876634055 16.406262230457813 1.0
EDGE: 98 7 39 800 55.865213954318456 15.3647787711347 1.0
EDGE: 99 7 40 200 19.95566265520165 10.369053561583623 1.0
EDGE: 100 7 41 100 77.16121018882396 14.415498218263556 1.0
EDGE: 101 7 42 700 45.889871690263924 10.199417634911041 1.0
EDGE: 102 7 43 800 69.94828620954021 8.301374148526492 1.0
EDGE: 103 7 44 600 18.797304263606286 10.873966095052548 1.0
EDGE: 104 7 45 100 67.40625739574602 17.6657824934416 1.0
EDGE: 105 7 46 300 61.61201959665257 2.5347242394674496 1.0
EDGE: 106 8 32 0 34.429906717351614 3.2620663984121308 1.0
EDGE: 107 8 33 0 91.11702557086724 3.4815558569864424 1.0
EDGE: 108 8 34 0 35.954710297953795 4.88453166787834 1.0
EDGE: 109 8 35 0 11.695118800358884 6.552470650073511 1.0
EDGE: 110 8 36 0 93.40820032482938 15.302553969603698 1.0
EDGE: 111 8 37 0 22.06863600130869 15.309773387899911 1.0
EDGE: 112 8 38 0 89.63847875601788 14.99076873012593 1.0
EDGE: 113 8 39 0 56.629641675400485 9.200036657850445 1.0
EDGE: 114 8 40 0 15.171476076190233 9.19830962798694 1.0
EDGE: 115 8 41 0 15.462141832721699 4.605849709168336 1.0
EDGE: 116 8 42 0 61.14851213735026 8.650068740187653 1.0
EDGE: 117 8 43 0 29.65787492284982 3.4573276628964305 1.0
EDGE: 118 8 44 0 86.79569902133352 13.922940992577972 1.0
EDGE: 119 8 45 0 31.027238183637724 5.8213391027012555 1.0
EDGE: 120 8 46 2600 81.7767945926738 11.290030074897933 1.0
EDGE: 121 9 32 0 77.80693343347285 1.6364254205382895 1.0
EDGE: 122 9 33 0 26.28101784505474 11.575774082788197 1.0
EDGE: 123 9 34 0 30.46586034167231 13.511380831944301 1.0
EDGE: 124 9 35 0 94.19741794611082 16.314968472169046 1.0
EDGE: 125 9 36 0 74.21085126107262 1.2554594984246683 1.0
EDGE: 126 9 37 0 97.22737044515443 9.25865265728489 1.0
EDGE: 127 9 38 0 97.29379376238687 13.558180228892827 1.0
EDGE: 128 9 39 0 60.286710070666466 19.019824672637448 1.0
EDGE: 129 9 40 0 96.72171148505944 7.986697321045222 1.0
EDGE: 130 9 41 0 61.0491439901134 18.401959431571722 1.0
EDGE: 131 9 42 0 25.471354138056615 19.21870589121349 1.0
EDGE: 132 9 43 0 98.98242210186811 19.703294293932693 1.0
EDGE: 133 9 44 0 37.80987061808452 11.178850961382365 1.0
EDGE: 134 9 45 0 61.728894150200105 8.039851954676712 1.0
EDGE: 135 9 46 2200 41.823124795852095 7.496608510354003 1.0
EDGE: 136 10 32 200 59.181984547844635 5.480173567322493 1.0
EDGE: 137 10 33 700 10.753216538482151 16.45360676682001 1.0
EDGE: 138 10 34 800 68.11013758360765 12.53472064768218 1.0
EDGE: 139 10 35 700 97.24675880150897 12.338357508493228 1.0
EDGE: 140 10 36 600 12.67983296639781 15.292927590102378 1.0
EDGE: 141 10 37 600 67.11550487452138 11.876368334720114 1.0
EDGE: 142 10 38 500 78.72919286718682 4.250863766338629 1.0
EDGE: 143 10 39 900 21.710842415724805 4.153595909014671 1.0
EDGE: 144 10 40 500 92.14377303421439 12.62247500660568 1.0
EDGE: 145 10 41 900 80.51375841776519 10.20122345474443 1.0
EDGE: 146 10 42 300 54.18609065889508 15.677381694299996 1.0
EDGE: 147 10 43 900 48.0418192327305 2.1597144314306633 1.0
EDGE: 148 10 44 500 79.13043529963787 12.39818954251683 1.0
EDGE: 149 10 45 100 21.674719507253688 5.690126382698548 1.0
EDGE: 150 10 46 600 72.05455778582744 7.500290991663461 1.0
EDGE: 151 11 32 0 39.49998237711146 11.050643253585793 1.0
EDGE: 152 11 33 0 47.13976932758104 15.607124479612413 1.0
EDGE: 153 11 34 0 39.780366783899304 7.006299834290183 1.0
EDGE: 154 11 35 0 29.331038377454966 5.123854942910015 1.0
EDGE: 155 11 36 0 76.14452470059432 19.489865546409572 1.0
EDGE: 156 11 37 0 34.70861679916212 8.102453134439388 1.0
EDGE: 157 11 38 0 35.10250637337803 3.681856557240681 1.0
EDGE: 158 11 39 0 17.42280233549031 19.141134426393677 1.0
EDGE: 159 11 40 0 14.987648990456263 12.927645561605726 1.0
EDGE: 160 11 41 0 53.543342778944705 14.111129163078331 1.0
EDGE: 161 11 42 0 27.92641134597862 8.659637792090166 1.0
EDGE: 162 11 43 0 64.67510291890147 6.253757265085946 1.0
EDGE: 163 11 44 0 48.937748247840624 10.24247934125684 1.0
EDGE: 164 11 45 0 26.691517773706764 4.940764851698311 1.0
EDGE: 165 11 46 2600 18.76353426384334 15.4092727269662 1.0
EDGE: 166 12 32 800 11.43739886677579 13.140906483258565 1.0
EDGE: 167 12 33 400 59.53164731879949 19.706761112853897 1.0
EDGE: 168 12 34 200 61.75268209869448 14.385727817586465 1.0
EDGE: 169 12 35 300 14.853265322957693 12.11745512416817 1.0
EDGE: 170 12 36 200 12.668640388481995 18.777527327543577 1.0
EDGE: 171 12 37 600 58.455897160883964 18.776670324386785 1.0
EDGE: 172 12 38 900 24.128159694300702 14.332459093433965 1.0
EDGE: 173 12 39 900 87.95377833468118 5.45243952510485 1.0
EDGE: 174 12 40 100 93.08161835057784 16.701751495199353 1.0
EDGE: 175 12 41 600 52.85713850908855 5.2062769129581685 1.0
EDGE: 176 12 42 400 75.30993681586969 16.064005375265722 1.0
EDGE: 177 12 43 800 58.42192230202709 6.4027543439256265 1.0
EDGE: 178 12 44 700 59.82637196659766 4.73154324109655 1.0
EDGE: 179 12 45 400 99.44153829391081 14.985865514726019 1.0
EDGE: 180 12 46 100 61.20860090276233 7.763776051091277 1.0
EDGE: 181 13 32 0 20.582175354497714 6.690138786335876 1.0
EDGE: 182 13 33 0 87.71266907131731 5.6305609931777125 1.0
EDGE: 183 13 34 0 52.363267295570445 2.604477625247448 1.0
EDGE: 184 13 35 0 45.52035236717487 3.718512128222884 1.0
EDGE: 185 13 36 0 44.38466171202718 12.256689579054395 1.0
EDGE: 186 13 37 0 41.971530145749306 14.223239714148532 1.0
EDGE: 187 13 38 0 39.90205591476166 11.136673550517344 1.0
EDGE: 188 13 39 0 53.13306717448659 5.720480224436851 1.0
EDGE: 189 13 40 0 88.35224844183821 10.326237186896256 1.0
EDGE: 190 13 41 0 13.55583833766034 13.459091319741294 1.0
EDGE: 191 13 42 0 94.92980593171458 14.65351145904216 1.0
EDGE: 192 13 43 0 58.57142027342029 19.168879873412422 1.0
EDGE: 193 13 44 0 78.81667037568945 12.539931274253588 1.0
EDGE: 194 13 45 0 41.979995915028226 11.926224427599722 1.0
EDGE: 195 13 46 2000 64.1662736762674 12.457749338951192 1.0
EDGE: 196 14 32 800 84.48109066313543 19.370474761525628 1.0
EDGE: 197 14 33 500 20.44375627770878 12.666052822981168 1.0
EDGE: 198 14 34 600 60.6986412340354 17.314081596491828 1.0
EDGE: 199 14 35 600 21.223801139620566 4.643258110579666 1.0
EDGE: 200 14 36 300 95.15200585246208 10.539438694530986 1.0
EDGE: 201 14 37 600 93.0476898781396 1.3840377596564126 1.0
EDGE: 202 14 38 100 20.024444326510046 12.32539646238831 1.0
EDGE: 203 14 39 600 58.44111849710162 10.478663306530587 1.0
EDGE: 204 14 40 400 90.08066125054481 15.9964218150114 1.0
EDGE: 205 14 41 400 59.69433863006065 9.64272440802357 1.0
EDGE: 206 14 42 300 52.58494824975434 18.53736949735723 1.0
EDGE: 207 14 43 300 42.506206642552705 6.115195642231914 1.0
EDGE: 208 14 44 100 82.57150174840409 9.066836079668871 1.0
EDGE: 209 14 45 400 11.093658906258492 19.09281811325358 1.0
EDGE: 210 14 46 200 96.31847966808859 10.71206224971388 1.0
EDGE: 211 15 32 0 98.86823247483323 19.118767605873902 1.0
EDGE: 212 15 33 0 98.37735811534019 3.1783575899186514 1.0
EDGE: 213 15 34 0 61.281143438087646 15.093574595190956 1.0
EDGE: 214 15 35 0 10.009130677768226 14.056009923864885 1.0
EDGE: 215 15 36 0 69.93852676158659 9.326266583137464 1.0
EDGE: 216 15 37 0 59.37895765619477 6.6576515797890155 1.0
EDGE: 217 15 38 0 29.58835190000613 1.7937021721487882 1.0
EDGE: 218 15 39 0 46.360781700422024 13.929053290773705 1.0
EDGE: 219 15 40 0 62.080640119540035 1.5260640920305357 1.0
EDGE: 220 15 41 0 47.303491024559854 3.726310576537586 1.0
EDGE: 221 15 42 0 53.902481053889716 7.786481581202455 1.0
EDGE: 222 15 43 0 17.61020768980374 10.502390636852716 1.0
EDGE: 223 15 44 0 56.38945766532276 4.4627477812008145 1.0
EDGE: 224 15 45 0 92.48223452138126 9.196016067939524 1.0
EDGE: 225 15 46 1600 20.21501938012586 15.83910665088589 1.0
EDGE: 226 16 32 0 78.67923747700551 18.86584423040164 1.0
EDGE: 227 16 33 0 68.25937300735407 10.66606982147855 1.0
EDGE: 228 16 34 0 72.64724598386783 16.362917589123185 1.0
EDGE: 229 16 35 0 13.459451997322589 16.196242570386623 1.0
EDGE: 230 16 36 0 22.865977653521625 5.084351356425552 1.0
EDGE: 231 16 37 0 90.74152895487664 10.604115229675124 1.0
EDGE: 232 16 38 0 36.76712554752698 18.601228238026067 1.0
EDGE: 233 16 39 0 34.6380299522294 2.9578021799226826 1.0
EDGE: 234 16 40 0 15.075094957192084 14.703668453388932 1.0
EDGE: 235 16 41 0 46.69011756805998 11.660686585611652 1.0
EDGE: 236 16 42 0 98.9218204942067 19.15604270659539 1.0
EDGE: 237 16 43 0 19.237600527109162 18.030943255083066 1.0
EDGE: 238 16 44 0 17.587167219309933 9.205298968983106 1.0
EDGE: 239 16 45 0 64.69774290193546 14.436911795746074 1.0
EDGE: 240 16 46 2400 37.216516430936004 19.63537089124274 1.0
EDGE: 241 17 32 0 21.934509963949044 5.1562815473735455 1.0
EDGE: 242 17 33 0 23.36709147350405 8.910636016562087 1.0
EDGE: 243 17 34 0 43.81984979692409 12.877065701931686 1.0
EDGE: 244 17 35 0 82.73456853145835 15.701392603433025 1.0
EDGE: 245 17 36 0 72.58854708955488 15.508324818726036 1.0
EDGE: 246 17 37 0 61.911560625785626 19.834326202493255 1.0
EDGE: 247 17 38 0 82.0882126809868 8.718615019896248 1.0
EDGE: 248 17 39 0 63.52951374414545 9.460929558259926 1.0
EDGE: 249 17 40 0 18.525980815156778 14.370125463433975 1.0
EDGE: 250 17 41 0 22.63559728637007 19.986851085397085 1.0
EDGE: 251 17 42 0 13.813482371740442 11.766477405974594 1.0
EDGE: 252 17 43 0 98.65613647364914 10.055135915057056 1.0
EDGE: 253 17 44 0 28.111630490270844 1.3821501603423203 1.0
EDGE: 254 17 45 0 60.79815348045364 14.6263281075693 1.0
EDGE: 255 17 46 2400 80.67680764234588 16.491503853561788 1.0
EDGE: 256 18 32 800 97.24059243015702 12.948408644094151 1.0
EDGE: 257 18 33 400 90.6100113556093 16.8653703774401 1.0
EDGE: 258 18 34 700 10.966764838556442 17.959528875170026 1.0
EDGE: 259 18 35 300 81.61050271742128 2.4531763503080555 1.0
EDGE: 260 18 36 200 87.58960741005828 5.416517294675222 1.0
EDGE: 261 18 37 700 87.3355477189639 5.7185710391958455 1.0
EDGE: 262 18 38 800 13.021284076865289 8.792118892449821 1.0
EDGE: 263 18 39 200 16.467790873831884 6.046526033813656 1.0
EDGE: 264 18 40 700 71.33872753869068 7.733949059368701 1.0
EDGE: 265 18 41 300 29.091839772465406 4.389876082586648 1.0
EDGE: 266 18 42 100 55.69665688720231 2.6281132291323837 1.0
EDGE: 267 18 43 300 18.481608723654688 7.073269722408172 1.0
EDGE: 268 18 44 700 77.63964042118431 7.560477486470476 1.0
EDGE: 269 18 45 500 54.89999679171207 14.422496422701078 1.0
EDGE: 270 18 46 900 12.66477845809793 2.7185508106134986 1.0
EDGE: 271 19 32 100 70.51246112103391 19.637164679453267 1.0
EDGE: 272 19 33 900 12.38654909649096 6.026945639232758 1.0
EDGE: 273 19 34 800 57.01603202290116 9.074692542059223 1.0
EDGE: 274 19 35 600 36.15539508769868 10.559392002490304 1.0
EDGE: 275 19 36 100 90.08535686777891 16.86358373458431 1.0
EDGE: 276 19 37 400 67.48161287619672 14.020270072105195 1.0
EDGE: 277 19 38 500 57.237319928515916 6.513959206384515 1.0
EDGE: 278 19 39 700 93.11608776888376 10.33862887234348 1.0
EDGE: 279 19 40 200 68.21579236064403 2.943306656620995 1.0
EDGE: 280 19 41 700 25.13946512640134 8.167663500572761 1.0
EDGE: 281 19 42 800 29.49811377991114 10.085426785947119 1.0
EDGE: 282 19 43 900 38.91129952511201 12.832617330239447 1.0
EDGE: 283 19 44 800 37.02480262630575 14.000532449660973 1.0
EDGE: 284 19 45 200 22.23076038345466 8.02007658927352 1.0
EDGE: 285 19 46 200 23.75413365508113 15.154482438382608 1.0
EDGE: 286 20 32 300 93.56043533074615 16.2516293076591 1.0
EDGE: 287 20 33 200 91.14307639127567 19.285108750208675 1.0
EDGE: 288 20 34 300 29.664817188222845 17.93485645185873 1.0
EDGE: 289 20 35 400 96.15620807780381 16.023610162058702 1.0
EDGE: 290 20 36 200 55.515024557570364 7.534620303339135 1.0
EDGE: 291 20 37 800 57.90413451619756 17.188981864365083 1.0
EDGE: 292 20 38 300 71.8113103707793 14.157626250987242 1.0
EDGE: 293 20 39 100 90.5129833797582 3.423447879696673 1.0
EDGE: 294 20 40 200 87.97494527694919 13.59321838315019 1.0
EDGE: 295 20 41 700 31.326560395139666 12.58686475541884 1.0
EDGE: 296 20 42 900 60.961016138281195 5.6033829256725625 1.0
EDGE: 297 20 43 900 36.04268804512251 19.078066506883495 1.0
EDGE: 298 20 44 300 62.74370706486627 3.0049296793758553 1.0
EDGE: 299 20 45 800 14.885315176942912 18.001121424667442 1.0
EDGE: 300 20 46 500 11.825637458674333 6.836812055055351 1.0
EDGE: 301 21 32 0 36.41397282477271 10.844463219618026 1.0
EDGE: 302 21 33 0 26.622799685917848 8.65556591027265 1.0
EDGE: 303 21 34 0 68.07209154051952 12.090873489470647 1.0
EDGE: 304 21 35 0 51.07667688316557 8.751823963871244 1.0
EDGE: 305 21 36 0 55.0758018096481 10.926277839236212 1.0
EDGE: 306 21 37 0 35.345101621290674 5.830886983420488 1.0
EDGE: 307 21 38 0 11.744736198953444 16.965325702632533 1.0
EDGE: 308 21 39 0 86.92338832341908 13.450307247466188 1.0
EDGE: 309 21 40 0 91.87640988598585 19.661726813835052 1.0
EDGE: 310 21 41 0 30.04736118121719 11.25746505311002 1.0
EDGE: 311 21 42 0 87.26575119068632 18.821305741598064 1.0
EDGE: 312 21 43 0 83.72976956199761 9.82010042416442 1.0
EDGE: 313 21 44 0 75.97132590187218 3.3857529559019506 1.0
EDGE: 314 21 45 0 71.28172136816102 13.592766492741102 1.0
EDGE: 315 21 46 2400 94.42983573631064 7.4050277520533285 1.0
EDGE: 316 22 32 700 86.67063505863219 13.312183555282493 1.0
EDGE: 317 22 33 500 60.02044746351287 15.866398155762052 1.0
EDGE: 318 22 34 600 75.56632805331579 10.864450508183078 1.0
EDGE: 319 22 35 300 23.180502859134986 10.798071010706506 1.0
EDGE: 320 22 36 800 41.42675094740885 8.417088841862162 1.0
EDGE: 321 22 37 400 40.67419619496997 15.815392700597126 1.0
EDGE: 322 22 38 600 89.47498190383439 12.358890479221214 1.0
EDGE: 323 22 39 700 64.11575802902847 2.0275812099842097 1.0
EDGE: 324 22 40 800 83.91901009664855 12.340528640950755 1.0
EDGE: 325 22 41 600 80.34871926319984 16.972963322451488 1.0
EDGE: 326 22 42 600 66.26586825895326 14.458911658842915 1.0
EDGE: 327 22 43 400 42.782831112365194 10.000684880054147 1.0
EDGE: 328 22 44 700 85.08170691063047 3.378241609234185 1.0
EDGE: 329 22 45 900 55.29016063772134 10.266859833663938 1.0
EDGE: 330 22 46 100 90.04933880347443 16.930747070657105 1.0
EDGE: 331 23 32 200 32.7619850973975 7.263129830227939 1.0
EDGE: 332 23 33 500 25.674841465172236 8.490061645536667 1.0
EDGE: 333 23 34 900 64.92799068552594 9.545602473141154 1.0
EDGE: 334 23 35 200 12.494761802410874 13.160214010984292 1.0
EDGE: 335 23 36 900 32.53937678462471 2.0821367458357587 1.0
EDGE: 336 23 37 400 76.13550058627709 17.573200430720068 1.0
EDGE: 337 23 38 900 17.517406841722426 2.385944442592348 1.0
EDGE: 338 23 39 600 77.07643083851222 1.8381073334694986 1.0
EDGE: 339 23 40 300 11.168980841545642 2.353475105748781 1.0
EDGE: 340 23 41 100 66.46830447245961 18.934752200205825 1.0
EDGE: 341 23 42 900 57.07078590990092 5.474556852337765 1.0
EDGE: 342 23 43 300 55.85853808764031 10.594813621487958 1.0
EDGE: 343 23 44 100 97.7235832567651 12.832755917814723 1.0
EDGE: 344 23 45 200 11.174904779152657 13.463416077605393 1.0
EDGE: 345 23 46 500 76.57820877933628 6.063930555810815 1.0
EDGE: 346 24 32 0 93.81921414365192 8.084142143073652 1.0
EDGE: 347 24 33 0 59.53482877075263 18.19094198001165 1.0
EDGE: 348 24 34 0 24.222556293420062 17.000437243508475 1.0
EDGE: 349 24 35 0 72.51703811301508 8.002496146803109 1.0
EDGE: 350 24 36 0 65.71362299340008 18.016375844274435 1.0
EDGE: 351 24 37 0 94.22233770595538 18.394079772589986 1.0
EDGE: 352 24 38 0 29.051742752959484 3.4097653822577505 1.0
EDGE: 353 24 39 0 35.65056979360643 1.8389648091120014 1.0
EDGE: 354 24 40 0 10.476116835719889 7.640540257518247 1.0
EDGE: 355 24 41 0 10.51187811466753 11.907246610956246 1.0
EDGE: 356 24 42 0 28.62287491430642 6.84743621071234 1.0
EDGE: 357 24 43 0 53.11573063473408 1.5008856301986624 1.0
EDGE: 358 24 44 0 68.16147153151852 16.1758918821618 1.0
EDGE: 359 24 45 0 82.84260598514939 12.22272027891117 1.0
EDGE: 360 24 46 2400 80.50203337759697 12.730166604410897 1.0
EDGE: 361 25 32 100 36.79985789681921 5.047423484126602 1.0
EDGE: 362 25 33 100 54.4251617812821 19.692624763172407 1.0
EDGE: 363 25 34 400 24.76337149433928 12.212364205751676 1.0
EDGE: 364 25 35 800 21.985801094890313 7.903171390113165 1.0
EDGE: 365 25 36 100 23.00652775043362 2.9963536616327726 1.0
EDGE: 366 25 37 800 67.54271559258243 16.941795692626073 1.0
EDGE: 367 25 38 600 86.11807722556075 19.804232575628607 1.0
EDGE: 368 25 39 900 70.26513124731835 9.507198548816232 1.0
EDGE: 369 25 40 600 98.41045079207396 5.725278485089447 1.0
EDGE: 370 25 41 900 12.968120544941009 3.634469591193216 1.0
EDGE: 371 25 42 300 89.02010511503168 3.4833955107213113 1.0
EDGE: 372 25 43 500 92.62828871254094 6.044782970806533 1.0
EDGE: 373 25 44 800 87.30142857738699 4.44705812250011 1.0
EDGE: 374 25 45 600 70.43129995696134 15.67008124746413 1.0
EDGE: 375 25 46 500 47.615806092204934 4.116979939837096 1.0
EDGE: 376 26 32 0 21.70286042864111 10.14571748869831 1.0
EDGE: 377 26 33 0 35.117374524606795 8.259465934484682 1.0
EDGE: 378 26 34 0 78.5746488974457 3.8140189359944205 1.0
EDGE: 379 26 35 0 76.63705174338811 4.603433372048128 1.0
EDGE: 380 26 36 0 20.73682325507164 4.531746709338773 1.0
EDGE: 381 26 37 0 93.26639583544306 14.76905490595608 1.0
EDGE: 382 26 38 0 42.12862668773494 5.324421278847522 1.0
EDGE: 383 26 39 0 83.74284866919501 3.8460022232649367 1.0
EDGE: 384 26 40 0 83.91866597789209 18.68047387686877 1.0
EDGE: 385 26 41 0 30.237941127285897 18.789252291372907 1.0
EDGE: 386 26 42 0 96.62642668239152 14.028201648298463 1.0
EDGE: 387 26 43 0 10.650012183067176 19.55043191535915 1.0
EDGE: 388 26 44 0 16.736587587520376 3.6884916671384005 1.0
EDGE: 389 26 45 0 34.003005059548 11.61266364595112 1.0
EDGE: 390 26 46 2200 65.657690471165 14.34628156620373 1.0
EDGE: 391 27 32 0 38.05290806804502 10.346883793199325 1.0
EDGE: 392 27 33 0 21.376745677461116 8.833728561376704 1.0
EDGE: 393 27 34 0 60.703397330219076 18.357602522353254 1.0
EDGE: 394 27 35 0 95.66130070040502 17.76805079516621 1.0
EDGE: 395 27 36 0 79.33224965129577 11.736072398625659 1.0
EDGE: 396 27 37 0 42.16058245665313 4.337015753751555 1.0
EDGE: 397 27 38 0 24.63008073649806 11.88883521577788 1.0
EDGE: 398 27 39 0 73.2572263623841 16.275040673197182 1.0
EDGE: 399 27 40 0 48.05296964241334 1.3596192792157815 1.0
EDGE: 400 27 41 0 76.02119417727125 5.822872186282181 1.0
EDGE: 401 27 42 0 64.49055751238343 16.81254607832949 1.0
EDGE: 402 27 43 0 30.11742658750024 14.213819610220353 1.0
EDGE: 403 27 44 0 44.251135219534454 16.09462913584387 1.0
EDGE: 404 27 45 0 53.0187808583561 15.979506153933016 1.0
EDGE: 405 27 46 2200 30.96533545917753 14.045519863643054 1.0
EDGE: 406 28 32 200 50.37584043200184 15.11810579178187 1.0
EDGE: 407 28 33 700 54.50994726695838 17.472480806298414 1.0
EDGE: 408 28 34 700 51.89514344821181 1.918040416379375 1.0
EDGE: 409 28 35 700 40.55344637626247 16.45854520703314 1.0
EDGE: 410 28 36 300 85.57740432318893 10.980098930259642 1.0
EDGE: 411 28 37 900 20.824784201687287 8.92183973832715 1.0
EDGE: 412 28 38 200 85.66726128263181 12.730952181222067 1.0
EDGE: 413 28 39 600 70.70701880380432 2.0940340034094285 1.0
EDGE: 414 28 40 500 82.16616220565926 2.471030638888958 1.0
EDGE: 415 28 41 300 53.25731922263423 15.335887280595113 1.0
EDGE: 416 28 42 300 42.25990625305634 9.749732913287032 1.0
EDGE: 417 28 43 700 81.2549406166551 18.457861637594746 1.0
EDGE: 418 28 44 200 16.512422120493696 2.610934419531576 1.0
EDGE: 419 28 45 300 21.37869958311036 10.463769764337421 1.0
EDGE: 420 28 46 300 95.17734799939412 8.001766412838663 1.0
EDGE: 421 29 32 900 77.11554910809308 11.385425943630143 1.0
EDGE: 422 29 33 100 62.47897732229186 14.387632291406621 1.0
EDGE: 423 29 34 200 99.50177514609858 10.626268083512036 1.0
EDGE: 424 29 35 300 99.2141065416118 6.366428418610535 1.0
EDGE: 425 29 36 700 67.29841092476062 14.98192333589563 1.0
EDGE: 426 29 37 800 36.526397969028295 10.82494329854149 1.0
EDGE: 427 29 38 100 60.702410420478515 2.2556814032059926 1.0
EDGE: 428 29 39 900 86.20476106727055 19.93039966667475 1.0
EDGE: 429 29 40 200 55.19515363132158 9.136845651072415 1.0
EDGE: 430 29 41 400 55.357369915400184 3.000108091940423 1.0
EDGE: 431 29 42 100 64.62984588003808 16.75993391464015 1.0
EDGE: 432 29 43 400 15.81283566212937 15.042203871593411 1.0
EDGE: 433 29 44 300 15.15936030422626 5.112693312554629 1.0
EDGE: 434 29 45 600 21.100117490040645 15.51043284237452 1.0
EDGE: 435 29 46 900 14.106117282450562 1.2108991158922082 1.0
EDGE: 436 30 32 0 86.35874119669553 3.565958597164657 1.0
EDGE: 437 30 33 0 80.37552111961364 7.7079100550687185 1.0
EDGE: 438 30 34 0 49.030865329596644 16.88915347472038 1.0
EDGE: 439 30 35 0 45.51455377533751 7.356941476776935 1.0
EDGE: 440 30 36 0 30.686779403692373 1.8343502000845713 1.0
EDGE: 441 30 37 0 87.01706272247098 15.4940342548644 1.0
EDGE: 442 30 38 0 82.83538017335889 4.470516118577464 1.0
EDGE: 443 30 39 0 37.97732327346117 5.459678460665317 1.0
EDGE: 444 30 40 0 52.07120445257854 15.800822795691907 1.0
EDGE: 445 30 41 0 49.69342520219911 11.627070687625023 1.0
EDGE: 446 30 42 0 92.40956646690589 6.204078729800306 1.0
EDGE: 447 30 43 0 76.32205125858451 16.454961346071258 1.0
EDGE: 448 30 44 0 25.161362808238763 4.890990447262562 1.0
EDGE: 449 30 45 0 83.1862101439124 11.733078042583307 1.0
EDGE: 450 30 46 2400 89.19912985635955 8.91822949455354 1.0
EDGE: 451 31 32 400 22.837489532669984 1.9380730077123896 1.0
EDGE: 452 31 33 700 66.965877175681 5.053263094264736 1.0
EDGE: 453 31 34 200 85.47438299166717 7.367980544943319 1.0
EDGE: 454 31 35 400 94.0782971738638 12.532925838037666 1.0
EDGE: 455 31 36 200 42.818259734850336 15.473145629826735 1.0
EDGE: 456 31 37 600 92.87589800006893 2.5086965535300565 1.0
EDGE: 457 31 38 700 37.04854514632017 4.551591937043056 1.0
EDGE: 458 31 39 400 12.76760565477941 10.721650781981774 1.0
EDGE: 459 31 40 800 58.89865888167867 16.72679934267234 1.0
EDGE: 460 31 41 100 22.727432580373726 4.700057108751565 1.0
EDGE: 461 31 42 700 61.51427646856955 14.875862718457073 1.0
EDGE: 462 31 43 500 93.79074730499718 2.52258735870839 1.0
EDGE: 463 31 44 200 69.17551016685144 3.925994845719419 1.0
EDGE: 464 31 45 500 51.90271357516635 13.94010677543294 1.0
EDGE: 465 31 46 600 22.484511306804247 8.687345407280993 1.0
EDGE: 466 32 47 100 33.970478476653945 6.399014903918344 1.0
EDGE: 467 32 48 200 24.120106629614295 18.140107803391704 1.0
EDGE: 468 32 49 500 42.470643780924625 8.259107117873441 1.0
EDGE: 469 32 50 500 51.761011752226025 10.843876265426548 1.0
EDGE: 470 32 51 500 16.463602028325468 10.248920857949171 1.0
EDGE: 471 32 52 200 27.27918533049145 9.887224022429775 1.0
EDGE: 472 32 53 500 59.366300419048564 14.951542042871699 1.0
EDGE: 473 32 54 500 73.80488246540699 6.545478159441171 1.0
EDGE: 474 32 55 100 36.334989212636415 18.863832747021135 1.0
EDGE: 475 32 56 300 94.76498500796617 14.564647341897611 1.0
EDGE: 476 32 57 300 26.6095076487633 1.3220577298549556 1.0
EDGE: 477 32 58 200 81.49614920250696 8.739482716558776 1.0
EDGE: 478 32 59 500 78.6706929238106 18.33686907042158 1.0
EDGE: 479 32 60 300 58.534357041261465 19.2036328347641 1.0
EDGE: 480 32 61 400 78.56245383658074 10.130624368947739 1.0
EDGE: 481 32 62 400 38.18241109943464 11.599867104467643 1.0
EDGE: 482 32 63 300 24.230092626011 18.920006970212118 1.0
EDGE: 483 32 64 100 18.456947824131372 5.048333005249858 1.0
EDGE: 484 32 65 500 31.22639985042551 17.23691248736743 1.0
EDGE: 485 32 66 0 81.01654190351896 10.580815485628662 1.0
EDGE: 486 32 67 200 47.63713466493364 14.830573903071283 1.0
EDGE: 487 32 68 300 38.172431762543376 4.458969014626925 1.0
EDGE: 488 32 69 0 88.57741467596087 14.943893065613727 1.0
EDGE: 489 32 70 100 80.58346630422878 3.544492830334198 1.0
EDGE: 490 32 71 300 23.110598895773236 3.5069501490967268 1.0
EDGE: 491 32 72 200 29.736811660057963 10.639213204051403 1.0
EDGE: 492 32 73 100 38.9412087631016 7.540651392618786 1.0
EDGE: 493 32 74 300 41.81598655250724 1.4630445368055551 1.0
EDGE: 494 32 75 400 52.7334660588608 16.81349702147522 1.0
EDGE: 495 32 76 500 52.057788502562325 15.687798061459306 1.0
EDGE: 496 32 77 500 46.40700274135392 4.544423295080955 1.0
EDGE: 497 32 78 0 41.19967881473647 1.1948075606648865 1.0
EDGE: 498 32 79 300 92.26131013056839 2.69470044306523 1.0
EDGE: 499 32 80 400 78.11918119634271 15.474337617983538 1.0
EDGE: 500 32 81 0 22.280475089879133 2.1418479369798207 1.0
EDGE: 501 32 82 0 15.266854567466527 5.834746218957447 1.0
EDGE: 502 32 83 500 69.46978739857228 3.7785345614060097 1.0
EDGE: 503 32 84 200 85.99441838771982 9.839370475359091 1.0
EDGE: 504 32 85 0 51.575765292951964 19.329440728298334 1.0
EDGE: 505 32 86 400 75.37957429241601 7.139102334768901 1.0
EDGE: 506 32 87 500 90.041162582324 15.429041580005503 1.0
EDGE: 507 32 88 300 68.6490923059635 7.618622907145035 1.0
EDGE: 508 32 89 400 29.54653717467961 8.253285352024811 1.0
EDGE: 509 32 90 400 43.80173559996861 15.524268074538563 1.0
EDGE: 510 32 91 400 55.98991022020761 7.7481350255195 1.0
EDGE: 511 32 92 400 97.5325672534119 7.9914876453713815 1.0
EDGE: 512 32 93 500 83.25611381236953 9.247941936653156 1.0
EDGE: 513 32 94 200 56.06021633515024 14.139873692211811 1.0
EDGE: 514 32 95 400 91.62737187736775 7.026616966233053 1.0
EDGE: 515 32 96 500 34.958659506601386 5.653722174758664 1.0
EDGE: 516 32 97 400 23.186667264739846 9.07457604569531 1.0
EDGE: 517 32 98 500 24.595081383266056 17.516097399844295 1.0
EDGE: 518 32 99 400 22.065484596910682 18.144416967700842 1.0
EDGE: 519 32 100 0 20.275374546810024 10.314369224169802 1.0
EDGE: 520 33 47 500 29.887469149942444 5.858308342644938 1.0
EDGE: 521 33 48 500 78.69885116354062 16.285191277533556 1.0
EDGE: 522 33 49 400 19.259563830671546 6.420048963398645 1.0
EDGE: 523 33 50 0 64.82371033719375 14.016889687583125 1.0
EDGE: 524 33 51 500 10.66221213168289 5.2247768624135285 1.0
EDGE: 525 33 52 300 45.744841869045 7.477227894192184 1.0
EDGE: 526 33 53 200 30.590152248936405 5.409285615702797 1.0
EDGE: 527 33 54 300 60.68551792933605 10.784521139762434 1.0
EDGE: 528 33 55 200 11.295393596257467 14.135925903781034 1.0
EDGE: 529 33 56 100 88.70454593695486 5.890064949502771 1.0
EDGE: 530 33 57 400 14.983928394148698 18.153054838711725 1.0
EDGE: 531 33 58 0 68.22042811639052 2.089849347692337 1.0
EDGE: 532 33 59 100 17.817743415596773 3.925006678952743 1.0
EDGE: 533 33 60 0 24.954107063872094 8.033527229249646 1.0
EDGE: 534 33 61 100 41.57367987246593 6.374550130808656 1.0
EDGE: 535 33 62 200 27.39184614447279 16.648602828612077 1.0
EDGE: 536 33 63 100 93.31073938221232 4.0308014697880035 1.0
EDGE: 537 33 64 200 71.36982472264155 13.147811394907537 1.0
EDGE: 538 33 65 200 25.897344435927828 15.125564484676698 1.0
EDGE: 539 33 66 0 17.881992354077713 2.03766210254698 1.0
EDGE: 540 33 67 100 84.75017611788105 12.93106407108819 1.0
EDGE: 541 33 68 100 90.71275054202206 15.79610412289805 1.0
EDGE: 542 33 69 0 48.63610353253411 5.382040655153668 1.0
EDGE: 543 33 70 100 32.99602831410472 15.637292840804626 1.0
EDGE: 544 33 71 0 24.888786785515713 1.7751797768476267 1.0
EDGE: 545 33 72 200 84.30231821116621 17.531422511859017 1.0
EDGE: 546 33 73 200 41.89153704141121 12.0888387758539 1.0
EDGE: 547 33 74 500 32.35522083928128 2.3975922933582963 1.0
EDGE: 548 33 75 200 14.177939732445335 1.2160444847843874 1.0
EDGE: 549 33 76 100 85.97906524695438 10.13767435138908 1.0
EDGE: 550 33 77 300 58.00186132129239 10.153726279193133 1.0
EDGE: 551 33 78 300 48.37918881798539 4.929158196584821 1.0
EDGE: 552 33 79 500 77.72838525467247 14.941160795735497 1.0
EDGE: 553 33 80 0 42.35639633276462 15.944931882021171 1.0
EDGE: 554 33 81 300 85.89720430420547 10.890584032692143 1.0
EDGE: 555 33 82 500 31.557204016720394 17.417975206720673 1.0
EDGE: 556 33 83 300 42.310089362481165 16.402955779430563 1.0
EDGE: 557 33 84 400 84.36141035690211 4.71893051286842 1.0
EDGE: 558 33 85 300 89.9939518325336 18.41183138121865 1.0
EDGE: 559 33 86 500 19.50855055510778 5.864520133085639 1.0
EDGE: 560 33 87 400 18.39109218603592 19.248316301373936 1.0
EDGE: 561 33 88 500 65.06481059670406 19.62478159674303 1.0
EDGE: 562 33 89 400 46.62816456889614 7.470071369216896 1.0
EDGE: 563 33 90 200 44.831955791890714 9.147085263268853 1.0
EDGE: 564 33 91 200 92.21546411116765 2.947339221175808 1.0
EDGE: 565 33 92 400 28.7998450746918 8.764906765482849 1.0
EDGE: 566 33 93 0 23.028050056148583 8.248953170143118 1.0
EDGE: 567 33 94 200 96.74407585814204 7.409321620570644 1.0
EDGE: 568 33 95 0 82.92031069503165 7.1213082118978175 1.0
EDGE: 569 33 96 300 36.57033944812953 17.791190003337714 1.0
EDGE: 570 33 97 300 73.82549730357564 3.603253846522458 1.0
EDGE: 571 33 98 100 91.50704589596072 4.272000879650917 1.0
EDGE: 572 33 99 400 39.69182703219023 5.069882053382868 1.0
EDGE: 573 33 100 300 22.747773481675573 12.091347033732564 1.0
EDGE: 574 34 47 100 90.10667322872571 9.248178732822144 1.0
EDGE: 575 34 48 100 76.64510103762655 9.368994666334737 1.0
EDGE: 576 34 49 100 83.96043979259822 2.9975052997685045 1.0
EDGE: 577 34 50 0 88.05742323135007 3.0495181065315933 1.0
EDGE: 578 34 51 500 96.00168162543861 4.3978817151901985 1.0
EDGE: 579 34 52 100 83.95024465588482 6.707474214356843 1.0
EDGE: 580 34 53 0 91.63499602780401 13.439037499036065 1.0
EDGE: 581 34 54 100 13.853581680312288 12.881072719359931 1.0
EDGE: 582 34 55 100 47.813297398559754 7.3532021521559665 1.0
EDGE: 583 34 56 0 36.27699003689836 13.352327123141317 1.0
EDGE: 584 34 57 300 70.3760101447543 7.384599973668326 1.0
EDGE: 585 34 58 100 22.68380887613282 1.5416391550367212 1.0
EDGE: 586 34 59 500 80.68473784386207 1.5386222584403337 1.0
EDGE: 587 34 60 300 23.12616139426995 9.93479617125252 1.0
EDGE: 588 34 61 200 16.907992516531696 6.603642002709116 1.0
EDGE: 589 34 62 300 40.1422846597564 12.210348784286344 1.0
EDGE: 590 34 63 200 77.80652126459466 6.488442262215996 1.0
EDGE: 591 34 64 400 90.01775891800064 18.48533126717234 1.0
EDGE: 592 34 65 0 19.37081882633735 2.668225697419677 1.0
EDGE: 593 34 66 200 23.01218687264614 12.847302070218348 1.0
EDGE: 594 34 67 400 47.16236933876201 18.282175176111213 1.0
EDGE: 595 34 68 500 36.65288450562292 14.090666003847268 1.0
EDGE: 596 34 69 200 19.710178366197297 16.175530561459038 1.0
EDGE: 597 34 70 100 48.69716142678234 13.325251036817885 1.0
EDGE: 598 34 71 400 90.81418609419372 18.929159058541586 1.0
EDGE: 599 34 72 0 78.86473018716528 2.8751084830500115 1.0
EDGE: 600 34 73 500 91.10707782106367 1.6695750459287773 1.0
EDGE: 601 34 74 500 30.941833946096807 11.635501740472495 1.0
EDGE: 602 34 75 200 11.72609538649439 7.202390021273548 1.0
EDGE: 603 34 76 300 79.35862857339623 9.806055611022703 1.0
EDGE: 604 34 77 0 15.446401208862799 6.762156656453545 1.0
EDGE: 605 34 78 500 96.8413958364031 6.6680343379976525 1.0
EDGE: 606 34 79 200 43.12753352711201 3.4215718779496846 1.0
EDGE: 607 34 80 200 92.24116465679508 4.823719115836105 1.0
EDGE: 608 34 81 500 95.82455078692388 5.95301443444517 1.0
EDGE: 609 34 82 300 50.14025338443444 11.065844856431012 1.0
EDGE: 610 34 83 200 45.415409802017905 18.685384556991355 1.0
EDGE: 611 34 84 100 16.33836170574268 4.795078716617169 1.0
EDGE: 612 34 85 500 99.09612936220502 7.649206026693623 1.0
EDGE: 613 34 86 500 35.81972580439195 16.653499746250375 1.0
EDGE: 614 34 87 200 95.59533286934138 17.052974251660242 1.0
EDGE: 615 34 88 400 22.302908394871594 18.7920472976147 1.0
EDGE: 616 34 89 100 63.45969820348165 6.883704864165083 1.0
EDGE: 617 34 90 100 20.974818383541006 16.939916666313355 1.0
EDGE: 618 34 91 200 84.26189968319773 13.17465978639866 1.0
EDGE: 619 34 92 100 88.51046405194948 17.193858137936243 1.0
EDGE: 620 34 93 100 46.082596473900125 2.233217308446073 1.0
EDGE: 621 34 94 200 26.98006335078115 1.1953591847089848 1.0
EDGE: 622 34 95 100 75.1180328621126 10.871855624131651 1.0
EDGE: 623 34 96 500 40.745026598594116 10.113670374808418 1.0
EDGE: 624 34 97 500 25.764812125612416 10.435216226807835 1.0
EDGE: 625 34 98 100 77.94440499886038 5.602650067035374 1.0
EDGE: 626 34 99 0 32.03340070020705 1.1662190172656 1.0
EDGE: 627 34 100 200 50.67335178543153 16.649391992555522 1.0
EDGE: 628 35 47 100 95.64193577244816 12.204196516771242 1.0
EDGE: 629 35 48 200 90.45516191729452 2.9826066911291136 1.0
EDGE: 630 35 49 500 38.641889646292626 10.258012950282444 1.0
EDGE: 631 35 50 300 18.108449873235273 10.458724442566293 1.0
EDGE: 632 35 51 200 90.92715663693633 9.747145360559585 1.0
EDGE: 633 35 52 200 19.611042866662654 1.593691085511817 1.0
EDGE: 634 35 53 200 65.47813394474159 16.95368529861265 1.0
EDGE: 635 35 54 100 42.06212824409085 3.158421391514218 1.0
EDGE: 636 35 55 0 46.69233208763245 15.478235561540112 1.0
EDGE: 637 35 56 300 36.34423574029391 1.5058820942884559 1.0
EDGE: 638 35 57 100 49.65311920193901 15.04267198964362 1.0
EDGE: 639 35 58 100 45.58661145854123 9.04777164866455 1.0
EDGE: 640 35 59 0 90.68811534404983 19.43273389367554 1.0
EDGE: 641 35 60 200 61.03154748512148 8.048765563227565 1.0
EDGE: 642 35 61 300 62.0688417734058 2.1234158137627013 1.0
EDGE: 643 35 62 300 39.405217971593586 14.656296787678983 1.0
EDGE: 644 35 63 400 86.20315140747823 1.8801297017436673 1.0
EDGE: 645 35 64 500 48.394611745509906 16.833840423607867 1.0
EDGE: 646 35 65 300 67.17203268877186 18.378603291972333 1.0
EDGE: 647 35 66 200 79.33209149593053 19.615668700676135 1.0
EDGE: 648 35 67 300 59.962327136092824 19.636484177008228 1.0
EDGE: 649 35 68 400 78.68916355950358 17.851048459688 1.0
EDGE: 650 35 69 400 40.24693873852477 16.799622572858997 1.0
EDGE: 651 35 70 0 52.48101182275918 6.355847226108844 1.0
EDGE: 652 35 71 500 20.06408820484632 14.57599422121659 1.0
EDGE: 653 35 72 0 30.18336702589915 9.139517992088244 1.0
EDGE: 654 35 73 0 37.24717614523555 11.36023853676811 1.0
EDGE: 655 35 74 100 57.263253584342095 19.12543289582221 1.0
EDGE: 656 35 75 200 18.9568249618009 18.84177840165899 1.0
EDGE: 657 35 76 300 47.925210023738906 10.532529829185062 1.0
EDGE: 658 35 77 100 82.16664139656007 18.639487230600313 1.0
EDGE: 659 35 78 400 72.17451106312114 19.836244569003547 1.0
EDGE: 660 35 79 100 56.454303711571136 6.255880608897337 1.0
EDGE: 661 35 80 300 53.79896799588228 10.97669968251616 1.0
EDGE: 662 35 81 100 96.94947722835892 11.393788925424067 1.0
EDGE: 663 35 82 300 38.37088837688175 5.23210907097034 1.0
EDGE: 664 35 83 400 47.790180306251834 7.428492974334902 1.0
EDGE: 665 35 84 300 52.87071466843078 10.925381151465986 1.0
EDGE: 666 35 85 300 98.93911588616041 7.578279938465489 1.0
EDGE: 667 35 86 200 41.033953028300964 14.881874020117788 1.0
EDGE: 668 35 87 0 81.71156318677042 4.066395924211446 1.0
EDGE: 669 35 88 500 21.02291256306696 17.30628602132797 1.0
EDGE: 670 35 89 300 80.86637351342867 19.317361945426242 1.0
EDGE: 671 35 90 0 94.52484946611801 1.496637755901448 1.0
EDGE: 672 35 91 100 23.611643979574595 10.980618909049557 1.0
EDGE: 673 35 92 100 48.87805580966489 19.56332428128101 1.0
EDGE: 674 35 93 500 68.3766151126523 4.324474020887565 1.0
EDGE: 675 35 94 200 26.327470646270633 10.071198774392652 1.0
EDGE: 676 35 95 100 38.70138559037166 13.293318269526436 1.0
EDGE: 677 35 96 0 67.01137263524711 13.27266173886472 1.0
EDGE: 678 35 97 200 40.095969292133475 19.271077922211386 1.0
EDGE: 679 35 98 200 44.78070301569891 10.349721981746981 1.0
EDGE: 680 35 99 0 10.220281876516541 15.343876060918948 1.0
EDGE: 681 35 100 200 97.4526029519897 4.832997920613105 1.0
EDGE: 682 36 47 200 25.236621632224868 14.604866667771734 1.0
EDGE: 683 36 48 300 55.59972144948781 19.11562756958818 1.0
EDGE: 684 36 49 0 57.686173475347005 1.794214598363781 1.0
EDGE: 685 36 50 300 86.47683025715571 6.730060719820778 1.0
EDGE: 686 36 51 0 63.74116051947594 2.317188340537647 1.0
EDGE: 687 36 52 100 22.186358951781894 8.805694160206585 1.0
EDGE: 688 36 53 300 40.18412448233167 10.433332526935033 1.0
EDGE: 689 36 54 200 83.68436449219566 13.875323595444094 1.0
EDGE: 690 36 55 400 73.96598550697286 17.15969261974226 1.0
EDGE: 691 36 56 300 64.72852899224756 10.948383441184717 1.0
EDGE: 692 36 57 100 69.69436467289646 3.181057745025152 1.0
EDGE: 693 36 58 100 92.36971944691166 8.51893527130392 1.0
EDGE: 694 36 59 0 32.90378557694656 13.810192254781327 1.0
EDGE: 695 36 60 200 73.08871455968051 5.926383316668353 1.0
EDGE: 696 36 61 300 99.45929525627308 19.791021003177097 1.0
EDGE: 697 36 62 500 86.17961564180285 3.2368751007659906 1.0
EDGE: 698 36 63 0 63.94506785963369 13.487744435977314 1.0
EDGE: 699 36 64 300 48.48152594441484 7.563368584355881 1.0
EDGE: 700 36 65 400 72.38955883192148 15.752844374365418 1.0
EDGE: 701 36 66 400 57.06007239105647 17.492321781089093 1.0
EDGE: 702 36 67 0 27.17876295992844 15.516953053136216 1.0
EDGE: 703 36 68 100 48.94030243910064 10.034982677231671 1.0
EDGE: 704 36 69 0 44.50916214913802 1.8935549296815815 1.0
EDGE: 705 36 70 0 49.492548142496936 16.271244052664024 1.0
EDGE: 706 36 71 100 97.23188208139162 6.3414871703831315 1.0
EDGE: 707 36 72 100 53.57279886153746 15.604034382919195 1.0
EDGE: 708 36 73 200 58.43967379807396 1.1782104542475584 1.0
EDGE: 709 36 74 100 46.01915256382186 10.292208711629236 1.0
EDGE: 710 36 75 400 33.64823600590098 18.48681784069202 1.0
EDGE: 711 36 76 200 60.60591867808518 19.679917043388482 1.0
EDGE: 712 36 77 0 81.92347336283503 3.209748103557175 1.0
EDGE: 713 36 78 200 19.05691092910966 4.2904077761566555 1.0
EDGE: 714 36 79 300 68.8062286694356 1.9721770822575126 1.0
EDGE: 715 36 80 100 14.219518538085731 19.702244997259786 1.0
EDGE: 716 36 81 200 56.38607416488668 1.9280501962428587 1.0
EDGE: 717 36 82 0 14.001100251614083 11.875903532358317 1.0
EDGE: 718 36 83 300 38.37570186466533 11.671731513974098 1.0
EDGE: 719 36 84 300 55.1692714788027 19.3487088218748 1.0
EDGE: 720 36 85 400 10.537496127436205 12.008229549805362 1.0
EDGE: 721 36 86 200 38.617643081248374 13.466094998839628 1.0
EDGE: 722 36 87 100 39.313841128629235 17.1249778696353 1.0
EDGE: 723 36 88 200 60.19858813032681 18.56714838420822 1.0
EDGE: 724 36 89 200 14.012716253433847 16.458132519013063 1.0
EDGE: 725 36 90 300 73.72456902504285 18.792400005896994 1.0
EDGE: 726 36 91 200 50.40016226151829 9.296356002460849 1.0
EDGE: 727 36 92 200 45.2396180486714 17.931846390279198 1.0
EDGE: 728 36 93 0 16.051165201237243 6.915061577264173 1.0
EDGE: 729 36 94 100 70.16252588566493 15.481156145263506 1.0
EDGE: 730 36 95 300 90.31052818514338 14.784079238390856 1.0
EDGE: 731 36 96 0 37.40328490895257 8.824040026525232 1.0
EDGE: 732 36 97 400 64.21529476837244 12.141717299350965 1.0
EDGE: 733 36 98 500 67.05437059285342 3.208745261916705 1.0
EDGE: 734 36 99 400 58.23026520797066 7.978187315905106 1.0
EDGE: 735 36 100 200 90.75841255559543 15.93665083469945 1.0
EDGE: 736 37 47 500 48.148211589525836 10.221357622210375 1.0
EDGE: 737 37 48 200 26.353811094019477 8.93092803965051 1.0
EDGE: 738 37 49 400 22.00630962984227 15.667812710900456 1.0
EDGE: 739 37 50 500 40.899892959252085 11.603233244974419 1.0
EDGE: 740 37 51 200 93.370369672692 18.952175657710413 1.0
EDGE: 741 37 52 200 58.68311462671683 16.68640694178427 1.0
EDGE: 742 37 53 200 98.83843900111475 5.597671813069879 1.0
EDGE: 743 37 54 0 33.30593296080514 15.451143041301764 1.0
EDGE: 744 37 55 0 30.11531707961196 12.94089818088776 1.0
EDGE: 745 37 56 400 95.45987365580142 11.474600944368346 1.0
EDGE: 746 37 57 200 63.50955652025942 5.473768637973414 1.0
EDGE: 747 37 58 500 70.4843523098144 8.878923918734175 1.0
EDGE: 748 37 59 300 52.20451887872606 18.89560238709905 1.0
EDGE: 749 37 60 0 42.31284489798256 13.707640980231147 1.0
EDGE: 750 37 61 500 79.15503594599947 5.918323956854897 1.0
EDGE: 751 37 62 100 62.907940373481615 15.857911424904646 1.0
EDGE: 752 37 63 300 90.9612396068351 18.617749077792443 1.0
EDGE: 753 37 64 300 98.7868406466456 18.736586801672807 1.0
EDGE: 754 37 65 400 75.57113708226753 17.873915546540257 1.0
EDGE: 755 37 66 0 68.73889364435763 17.558058674054926 1.0
EDGE: 756 37 67 500 19.163475181185916 11.1934375126576 1.0
EDGE: 757 37 68 200 29.336686478543616 2.9518580421928835 1.0
EDGE: 758 37 69 100 70.06247373107274 8.956844140203689 1.0
EDGE: 759 37 70 200 47.34229850752223 14.297977746488835 1.0
EDGE: 760 37 71 0 10.035967119042159 15.883877822884223 1.0
EDGE: 761 37 72 500 40.610241989596574 5.957886979986763 1.0
EDGE: 762 37 73 0 35.82855221818856 13.25971446192426 1.0
EDGE: 763 37 74 400 71.58868273656606 16.319202294330655 1.0
EDGE: 764 37 75 200 16.281264866574695 6.215081410212194 1.0
EDGE: 765 37 76 500 70.02048254814153 13.321990596673214 1.0
EDGE: 766 37 77 100 82.88937311558615 6.1032348840588 1.0
EDGE: 767 37 78 300 53.94563102450838 10.884666682074574 1.0
EDGE: 768 37 79 100 34.14985300087861 12.766771455188799 1.0
EDGE: 769 37 80 500 50.60664407729038 10.397458109105246 1.0
EDGE: 770 37 81 400 96.55008207901604 9.237238113968582 1.0
EDGE: 771 37 82 0 21.358461196889586 10.201404917828903 1.0
EDGE: 772 37 83 400 27.54934799898226 5.160511694339648 1.0
EDGE: 773 37 84 0 27.184434219156536 7.720861193876915 1.0
EDGE: 774 37 85 0 48.40470399890324 17.990917955463697 1.0
EDGE: 775 37 86 0 83.91995775427732 18.66747008306021 1.0
EDGE: 776 37 87 400 97.19275049225104 18.74705332469223 1.0
EDGE: 777 37 88 200 78.78529445824866 9.483579684913394 1.0
EDGE: 778 37 89 100 34.878918219763676 6.872286816479156 1.0
EDGE: 779 37 90 100 52.329182190201315 4.943068173713037 1.0
EDGE: 780 37 91 0 39.78576440557427 3.492901875945556 1.0
EDGE: 781 37 92 100 92.38474471998741 10.577548548146687 1.0
EDGE: 782 37 93 400 88.31191841403839 4.116852122689333 1.0
EDGE: 783 37 94 100 99.13932856856115 2.34591640353843 1.0
EDGE: 784 37 95 500 52.25316889973801 12.566101077504165 1.0
EDGE: 785 37 96 100 62.91976283513519 12.715221178640812 1.0
EDGE: 786 37 97 500 75.57731084224004 16.685508098034916 1.0
EDGE: 787 37 98 400 78.79465587646294 5.0708142200656505 1.0
EDGE: 788 37 99 400 16.004270609625713 18.12123697628028 1.0
EDGE: 789 37 100 400 64.59525586708038 12.123754541046724 1.0
EDGE: 790 38 47 0 89.24309994972629 5.211650698019156 1.0
EDGE: 791 38 48 400 71.45647100094686 11.733437367172398 1.0
EDGE: 792 38 49 200 16.23739661566445 9.783661314336847 1.0
EDGE: 793 38 50 500 28.479575692766176 6.313409783140553 1.0
EDGE: 794 38 51 500 26.270709667576487 13.397509325526954 1.0
EDGE: 795 38 52 100 35.6181898222481 16.738350039617416 1.0
EDGE: 796 38 53 100 71.2834770988306 5.332931759833961 1.0
EDGE: 797 38 54 300 91.38909425996573 10.420173277081249 1.0
EDGE: 798 38 55 300 19.253096073408663 5.35969745258226 1.0
EDGE: 799 38 56 400 54.50943417879913 15.971234421730324 1.0
EDGE: 800 38 57 400 16.98865397675126 2.0854711146941205 1.0
EDGE: 801 38 58 400 31.061861990232586 16.6225970974604 1.0
EDGE: 802 38 59 0 55.191898438508915 9.42398030775042 1.0
EDGE: 803 38 60 200 51.28922438312391 17.31533860118595 1.0
EDGE: 804 38 61 300 41.13599531661944 11.476447622401786 1.0
EDGE: 805 38 62 500 82.6203057416299 1.1328562464846894 1.0
EDGE: 806 38 63 100 86.81366554164694 7.869265150065617 1.0
EDGE: 807 38 64 0 98.02821431499603 8.492146680010894 1.0
EDGE: 808 38 65 500 22.906229023682407 15.340871138179097 1.0
EDGE: 809 38 66 300 31.32299784719424 7.262026448438743 1.0
EDGE: 810 38 67 400 51.42514182687611 19.120805777382646 1.0
EDGE: 811 38 68 300 13.479984514562634 5.726262730721602 1.0
EDGE: 812 38 69 100 62.37757425991665 5.393909549929718 1.0
EDGE: 813 38 70 200 46.60549689968641 10.059580106890925 1.0
EDGE: 814 38 71 400 22.307612734765705 1.892631319986183 1.0
EDGE: 815 38 72 0 94.6414154036582 2.7345177990609186 1.0
EDGE: 816 38 73 300 85.06461761926175 1.4104244590235622 1.0
EDGE: 817 38 74 0 62.4102341310913 9.027099999958933 1.0
EDGE: 818 38 75 0 87.65032328866263 8.779186720525761 1.0
EDGE: 819 38 76 500 57.10210643714392 19.539293299964633 1.0
EDGE: 820 38 77 200 96.49624545880114 19.603723714384913 1.0
EDGE: 821 38 78 0 88.80547958503169 16.406213969538925 1.0
EDGE: 822 38 79 100 92.02293707892218 9.796197782330363 1.0
EDGE: 823 38 80 0 99.18287270022772 13.606063213295611 1.0
EDGE: 824 38 81 300 51.83266390184595 19.703534622031732 1.0
EDGE: 825 38 82 0 59.89335254282662 7.540745932984163 1.0
EDGE: 826 38 83 500 95.38708593652697 3.3707532833679013 1.0
EDGE: 827 38 84 200 84.86328743580978 4.805156636516787 1.0
EDGE: 828 38 85 300 15.521454880398117 11.233194291040432 1.0
EDGE: 829 38 86 500 73.00691308356824 13.81308732250304 1.0
EDGE: 830 38 87 200 64.64696000467492 6.28060486365478 1.0
EDGE: 831 38 88 400 40.49830335891346 5.697737438399352 1.0
EDGE: 832 38 89 200 25.992709120680576 5.4860609380838925 1.0
EDGE: 833 38 90 100 74.1962965567386 6.654786262616962 1.0
EDGE: 834 38 91 200 12.7389737476057 8.042685960164803 1.0
EDGE: 835 38 92 500 30.32392526555955 13.646002854059523 1.0
EDGE: 836 38 93 500 70.39321394350989 12.701140912784618 1.0
EDGE: 837 38 94 500 25.003934553263193 19.131356042849347 1.0
EDGE: 838 38 95 400 90.26048040402343 13.250850497042618 1.0
EDGE: 839 38 96 500 85.75194667657641 17.247601446006968 1.0
EDGE: 840 38 97 200 34.359716666631186 17.937937531007357 1.0
EDGE: 841 38 98 500 55.52881342468617 1.601303027206852 1.0
EDGE: 842 38 99 400 44.637570424384805 10.3628297739503 1.0
EDGE: 843 38 100 300 53.45375521021205 7.594270006521841 1.0
EDGE: 844 39 47 500 31.831233434164343 2.150515912088904 1.0
EDGE: 845 39 48 300 18.7798112541553 9.949370178304912 1.0
EDGE: 846 39 49 0 71.83190762394733 9.43640741098608 1.0
EDGE: 847 39 50 400 37.233195284159585 3.854688693555218 1.0
EDGE: 848 39 51 200 79.90042828359418 17.96078877464116 1.0
EDGE: 849 39 52 500 21.31809517430539 13.894005114482631 1.0
EDGE: 850 39 53 100 45.586643955265146 6.314813624224494 1.0
EDGE: 851 39 54 500 38.68849418196645 7.6815545417140045 1.0
EDGE: 852 39 55 500 63.70406446196212 6.631020501267904 1.0
EDGE: 853 39 56 300 85.18857299707017 18.8690406672193 1.0
EDGE: 854 39 57 500 49.21139613632597 15.761338973438988 1.0
EDGE: 855 39 58 100 11.663249472170705 9.9428743392575 1.0
EDGE: 856 39 59 100 36.35249513419822 11.735548481268017 1.0
EDGE: 857 39 60 300 66.14041994254224 16.979597989685814 1.0
EDGE: 858 39 61 0 94.90628212267254 12.043165741713546 1.0
EDGE: 859 39 62 400 15.48648113292555 2.277476163300514 1.0
EDGE: 860 39 63 200 88.89824109280423 1.031724137862696 1.0
EDGE: 861 39 64 300 53.13665833865698 4.532207544916918 1.0
EDGE: 862 39 65 400 65.62500602412005 14.464417937870593 1.0
EDGE: 863 39 66 0 62.00174637045533 2.9747399979060485 1.0
EDGE: 864 39 67 300 15.343618588513195 9.03007463087388 1.0
EDGE: 865 39 68 300 34.1527963266705 18.639147832043307 1.0
EDGE: 866 39 69 300 14.47703639307093 4.348431762008561 1.0
EDGE: 867 39 70 100 61.38531377858188 11.678546161018357 1.0
EDGE: 868 39 71 400 77.68742599910509 1.7636794308516275 1.0
EDGE: 869 39 72 200 43.26454904176058 12.397005389609259 1.0
EDGE: 870 39 73 200 56.66881820527591 5.96924271200128 1.0
EDGE: 871 39 74 0 91.75340823870927 16.415442814285587 1.0
EDGE: 872 39 75 300 36.010698053558016 5.256768984263001 1.0
EDGE: 873 39 76 200 24.024596000645182 15.139450555095712 1.0
EDGE: 874 39 77 100 78.98406346004278 17.93229258686291 1.0
EDGE: 875 39 78 0 47.558499067624886 5.447034396065455 1.0
EDGE: 876 39 79 0 88.60153632871379 13.192540515106387 1.0
EDGE: 877 39 80 0 84.12841962321934 17.264233369040642 1.0
EDGE: 878 39 81 300 31.803094248354782 13.504355112929135 1.0
EDGE: 879 39 82 0 61.7746790223265 12.446583191757208 1.0
EDGE: 880 39 83 100 77.11896572703935 6.280192803244673 1.0
EDGE: 881 39 84 100 16.369198736672747 7.134398349707526 1.0
EDGE: 882 39 85 500 38.66126175822744 19.392679768171522 1.0
EDGE: 883 39 86 300 36.872078506038605 14.499836640391692 1.0
EDGE: 884 39 87 0 61.79590075451538 16.82118008101827 1.0
EDGE: 885 39 88 300 20.881767120371595 17.553718562984976 1.0
EDGE: 886 39 89 500 98.34640836024357 16.473356494304642 1.0
EDGE: 887 39 90 200 39.580365266836765 15.430068627913872 1.0
EDGE: 888 39 91 200 61.681128391889025 19.97468434033286 1.0
EDGE: 889 39 92 100 63.67563373874376 1.3163468641020257 1.0
EDGE: 890 39 93 100 54.53541501805829 13.968894643317489 1.0
EDGE: 891 39 94 200 74.44128197967018 19.947341137404276 1.0
EDGE: 892 39 95 100 84.92039003721798 3.2223064749049684 1.0
EDGE: 893 39 96 500 76.45706399161466 1.3306867176966795 1.0
EDGE: 894 39 97 0 57.96979043797768 2.575025926140334 1.0
EDGE: 895 39 98 500 91.15027736761932 3.121984415945916 1.0
EDGE: 896 39 99 200 44.07650418165958 14.531976116104268 1.0
EDGE: 897 39 100 100 52.740222652546365 16.8174827377987 1.0
EDGE: 898 40 47 500 36.170334814671406 5.036723577590322 1.0
EDGE: 899 40 48 200 90.68716447771583 17.68229636594185 1.0
EDGE: 900 40 49 500 51.48856133446124 8.72108058707581 1.0
EDGE: 901 40 50 100 85.24738587125455 12.082127691822906 1.0
EDGE: 902 40 51 0 15.690865432526568 5.673438162278888 1.0
EDGE: 903 40 52 400 15.235872495997294 11.63645960371204 1.0
EDGE: 904 40 53 300 59.67017309224097 14.518811984214867 1.0
EDGE: 905 40 54 500 29.598208158506147 1.3611906400870935 1.0
EDGE: 906 40 55 200 81.91099540546341 15.353557524215653 1.0
EDGE: 907 40 56 100 96.89324046927399 11.718678308785005 1.0
EDGE: 908 40 57 100 61.74679748078273 4.827733660043714 1.0
EDGE: 909 40 58 300 99.2880611173038 10.243162388706608 1.0
EDGE: 910 40 59 400 21.367993047855364 15.418078564299073 1.0
EDGE: 911 40 60 400 90.16688981398103 17.15953358983492 1.0
EDGE: 912 40 61 0 86.93210905339033 11.684565116563139 1.0
EDGE: 913 40 62 400 96.95541642771494 18.163420096159104 1.0
EDGE: 914 40 63 200 41.62767963176139 18.053506275846274 1.0
EDGE: 915 40 64 100 43.26213873174218 12.280556942581136 1.0
EDGE: 916 40 65 400 36.043447943965134 1.4201843181514375 1.0
EDGE: 917 40 66 100 26.938309965719366 5.473410891958363 1.0
EDGE: 918 40 67 300 93.69441448078516 5.613962059911063 1.0
EDGE: 919 40 68 400 43.15799809422836 12.413024206187632 1.0
EDGE: 920 40 69 0 32.05632172326941 13.518853228013189 1.0
EDGE: 921 40 70 200 64.11986895116436 19.584053233387955 1.0
EDGE: 922 40 71 500 91.96011979135102 5.392518732396994 1.0
EDGE: 923 40 72 400 59.472225327981796 19.64096449728215 1.0
EDGE: 924 40 73 100 70.6979714577639 2.6766553848563284 1.0
EDGE: 925 40 74 300 14.062882678812214 3.6833592561984094 1.0
EDGE: 926 40 75 200 86.69238608508437 5.341749057789579 1.0
EDGE: 927 40 76 300 22.11543026423569 11.868394172428268 1.0
EDGE: 928 40 77 400 96.0800013004671 1.5591584018513909 1.0
EDGE: 929 40 78 200 19.433452371749375 5.528271749021535 1.0
EDGE: 930 40 79 0 74.0616294585492 5.243497294096705 1.0
EDGE: 931 40 80 500 87.7342591052672 12.710761521386235 1.0
EDGE: 932 40 81 400 96.37007228438867 5.758291053917608 1.0
EDGE: 933 40 82 400 37.7136993700375 15.810725802335071 1.0
EDGE: 934 40 83 0 28.70732007635873 3.8278645475302633 1.0
EDGE: 935 40 84 200 59.94362633243238 4.710618470681187 1.0
EDGE: 936 40 85 300 84.50265562467114 8.448441889826416 1.0
EDGE: 937 40 86 400 25.20353768957667 15.597923665534164 1.0
EDGE: 938 40 87 0 23.843258438329478 7.341417704640148 1.0
EDGE: 939 40 88 0 78.34802070742087 18.377504999814537 1.0
EDGE: 940 40 89 300 98.9288461999922 4.241774697608326 1.0
EDGE: 941 40 90 400 62.3114982106879 14.3468311642105 1.0
EDGE: 942 40 91 400 33.90193093663552 12.06461330667766 1.0
EDGE: 943 40 92 400 11.351872626237716 7.552053206609144 1.0
EDGE: 944 40 93 100 89.40524761261582 9.742763229800712 1.0
EDGE: 945 40 94 200 15.134631989057347 11.992891855491255 1.0
EDGE: 946 40 95 100 94.71791989252888 8.27844358580101 1.0
EDGE: 947 40 96 400 27.758967403210207 14.594313994469829 1.0
EDGE: 948 40 97 0 92.82191474549501 15.301945330097503 1.0
EDGE: 949 40 98 0 38.32746519639998 8.612961044853321 1.0
EDGE: 950 40 99 400 56.25037276649225 15.180298009754353 1.0
EDGE: 951 40 100 400 52.160946729812004 7.896298595702609 1.0
EDGE: 952 41 47 200 24.069347781455605 10.468895470473626 1.0
EDGE: 953 41 48 100 74.26001574912614 14.162458390363557 1.0
EDGE: 954 41 49 300 52.844541941212114 4.2490458559006115 1.0
EDGE: 955 41 50 200 39.11485606351235 9.218739319284547 1.0
EDGE: 956 41 51 100 26.944573223731123 16.644415274101043 1.0
EDGE: 957 41 52 300 13.464880342190806 10.786737254051603 1.0
EDGE: 958 41 53 300 26.032378313566067 5.5593362755823605 1.0
EDGE: 959 41 54 400 31.109756051561316 7.352071363377662 1.0
EDGE: 960 41 55 200 80.09626162642894 3.4319444305939326 1.0
EDGE: 961 41 56 200 21.373380488736764 10.20667575505142 1.0
EDGE: 962 41 57 400 54.872196800535136 7.5451185384702555 1.0
EDGE: 963 41 58 200 45.322398660263325 9.601629605462541 1.0
EDGE: 964 41 59 400 73.00892562082488 2.188187898313158 1.0
EDGE: 965 41 60 400 86.34076421277071 6.678483720509212 1.0
EDGE: 966 41 61 100 98.82740101854826 1.7123783516291926 1.0
EDGE: 967 41 62 100 14.161972703604743 12.597067872826328 1.0
EDGE: 968 41 63 300 37.02617342705253 8.272964348366026 1.0
EDGE: 969 41 64 400 93.960478817574 6.027731055137998 1.0
EDGE: 970 41 65 100 98.18425707797513 10.801096340426515 1.0
EDGE: 971 41 66 500 94.60389530190659 15.92599602189102 1.0
EDGE: 972 41 67 100 36.41302656836648 4.498272594397699 1.0
EDGE: 973 41 68 200 22.66750467156438 7.257592291660635 1.0
EDGE: 974 41 69 300 27.00875471424592 14.896422887279957 1.0
EDGE: 975 41 70 400 41.31268078645843 12.091833552332835 1.0
EDGE: 976 41 71 200 34.457295753009674 1.276575583491113 1.0
EDGE: 977 41 72 400 35.6307520232652 3.2313131261436103 1.0
EDGE: 978 41 73 100 33.64251619301481 12.989072301027022 1.0
EDGE: 979 41 74 100 28.5538743096404 19.295884427506643 1.0
EDGE: 980 41 75 0 49.61002364086352 7.968304637835037 1.0
EDGE: 981 41 76 500 63.93450944599405 9.928892001731047 1.0
EDGE: 982 41 77 100 83.73775902433772 1.4849358922326825 1.0
EDGE: 983 41 78 100 85.89502132678673 14.543629279027662 1.0
EDGE: 984 41 79 400 16.664996506538117 1.9285815406226985 1.0
EDGE: 985 41 80 200 96.04897945154015 19.77798254478122 1.0
EDGE: 986 41 81 400 50.8313466840291 12.163914095996432 1.0
EDGE: 987 41 82 100 82.69573799335916 4.575237685169945 1.0
EDGE: 988 41 83 200 27.977298647364293 18.75316058959649 1.0
EDGE: 989 41 84 200 48.58984293478439 2.5590150131121634 1.0
EDGE: 990 41 85 200 29.457873027465258 10.087966651331472 1.0
EDGE: 991 41 86 200 36.38681743386175 16.120298399666265 1.0
EDGE: 992 41 87 300 99.72095043997514 12.223587362334982 1.0
EDGE: 993 41 88 300 73.36691883393533 1.3845351991850205 1.0
EDGE: 994 41 89 500 15.801833369462303 2.958382111165324 1.0
EDGE: 995 41 90 100 69.53840205734846 14.97676682310419 1.0
EDGE: 996 41 91 400 48.18560121173008 6.4515771660639825 1.0
EDGE: 997 41 92 400 85.72186469164826 10.25276376100684 1.0
EDGE: 998 41 93 400 80.8888386443321 10.422265692034616 1.0
EDGE: 999 41 94 500 60.71722929559833 10.414134388432403 1.0
EDGE: 1000 41 95 0 61.112276256429205 17.722614162918752 1.0
EDGE: 1001 41 96 400 89.15494426856556 3.6753718754828215 1.0
EDGE: 1002 41 97 100 91.3159135498039 16.828245888157205 1.0
EDGE: 1003 41 98 100 24.132929976838284 12.400814339697028 1.0
EDGE: 1004 41 99 100 29.068200122542216 2.5387659328993246 1.0
EDGE: 1005 41 100 500 81.24087092645749 13.879479018220396 1.0
EDGE: 1006 42 47 300 12.52082570118342 11.931401123930819 1.0
EDGE: 1007 42 48 100 93.07339207550652 3.1557477261558384 1.0
EDGE: 1008 42 49 0 21.86067404572775 12.360719278521133 1.0
EDGE: 1009 42 50 100 35.83368855948496 18.083865083928345 1.0
EDGE: 1010 42 51 100 29.590517544840555 15.047402056466353 1.0
EDGE: 1011 42 52 0 62.129182461981706 8.524225223378329 1.0
EDGE: 1012 42 53 0 64.99001490171763 13.549033165891093 1.0
EDGE: 1013 42 54 0 96.56073902389885 6.349406332000069 1.0
EDGE: 1014 42 55 500 80.60856257641223 16.15587674776834 1.0
EDGE: 1015 42 56 400 63.20704609829305 12.67793313343257 1.0
EDGE: 1016 42 57 300 71.14156842005912 9.004611491868696 1.0
EDGE: 1017 42 58 400 36.605680526906326 11.503725672691962 1.0
EDGE: 1018 42 59 300 17.541713589497665 14.452990637583827 1.0
EDGE: 1019 42 60 0 80.33245116385584 10.63921153147109 1.0
EDGE: 1020 42 61 400 61.71676380165459 15.00839468638492 1.0
EDGE: 1021 42 62 0 99.78056569188361 15.64006394726528 1.0
EDGE: 1022 42 63 300 79.66548864011384 11.853248536532286 1.0
EDGE: 1023 42 64 300 58.241196875038185 18.129536874525613 1.0
EDGE: 1024 42 65 100 93.40325198489062 16.760268875869663 1.0
EDGE: 1025 42 66 200 27.886990699323416 8.690369795554027 1.0
EDGE: 1026 42 67 300 14.52884367722552 8.940512835514248 1.0
EDGE: 1027 42 68 500 19.76010210347037 10.242220437287639 1.0
EDGE: 1028 42 69 200 24.784096044400584 7.117195297447301 1.0
EDGE: 1029 42 70 100 99.36630142191967 18.572608252519885 1.0
EDGE: 1030 42 71 500 41.4578842301398 12.868242602912689 1.0
EDGE: 1031 42 72 200 56.97673388940894 7.439324698290418 1.0
EDGE: 1032 42 73 300 67.98602243964015 4.030556141752511 1.0
EDGE: 1033 42 74 300 84.2388666120735 8.412287082866946 1.0
EDGE: 1034 42 75 100 12.598663761975217 9.708948614951094 1.0
EDGE: 1035 42 76 400 61.19821675384321 14.372801215518065 1.0
EDGE: 1036 42 77 0 10.366741830454794 18.182723760856916 1.0
EDGE: 1037 42 78 300 30.332402719118438 11.338203260253795 1.0
EDGE: 1038 42 79 0 56.49901973889106 5.752871255698706 1.0
EDGE: 1039 42 80 0 46.69908995228368 11.029846735538085 1.0
EDGE: 1040 42 81 100 31.24132269583308 18.32284205798506 1.0
EDGE: 1041 42 82 0 45.799379170011974 18.352407184565415 1.0
EDGE: 1042 42 83 100 49.22949234207756 14.255872934622154 1.0
EDGE: 1043 42 84 200 33.25823479845677 5.702473714009505 1.0
EDGE: 1044 42 85 400 98.64764256627919 17.801832091707386 1.0
EDGE: 1045 42 86 200 22.923464550910246 8.774386760660366 1.0
EDGE: 1046 42 87 100 28.043290283237774 16.136551391929807 1.0
EDGE: 1047 42 88 300 72.48486602293558 7.281306714010082 1.0
EDGE: 1048 42 89 200 61.15088401274405 6.806614391875546 1.0
EDGE: 1049 42 90 300 68.21505861662712 18.759467799567474 1.0
EDGE: 1050 42 91 100 62.575337921726096 18.12257261765965 1.0
EDGE: 1051 42 92 0 12.933586496154351 2.3735923663729404 1.0
EDGE: 1052 42 93 100 29.687104225862257 5.793550960081707 1.0
EDGE: 1053 42 94 300 63.79586251876738 10.391436546134303 1.0
EDGE: 1054 42 95 0 78.58036009744664 8.846220411728936 1.0
EDGE: 1055 42 96 500 39.00848989310497 3.7454292622789946 1.0
EDGE: 1056 42 97 300 14.445864103897119 2.6211017168836976 1.0
EDGE: 1057 42 98 500 25.0725362028489 6.849379378491319 1.0
EDGE: 1058 42 99 500 39.21005228872191 12.389165840849422 1.0
EDGE: 1059 42 100 200 48.65634415677572 8.588217353422065 1.0
EDGE: 1060 43 47 500 31.791924225468918 10.88170771160572 1.0
EDGE: 1061 43 48 300 39.699395365203316 9.148739537770712 1.0
EDGE: 1062 43 49 100 78.82929921475743 1.7764550351367872 1.0
EDGE: 1063 43 50 300 74.84883363210805 9.109325585697448 1.0
EDGE: 1064 43 51 300 96.2259922843644 11.932885098318076 1.0
EDGE: 1065 43 52 0 12.830187532238604 7.956595842715964 1.0
EDGE: 1066 43 53 0 94.3714640109269 4.919716598463515 1.0
EDGE: 1067 43 54 0 85.85385517660569 7.946978757341104 1.0
EDGE: 1068 43 55 0 52.38454277354741 18.127543892538014 1.0
EDGE: 1069 43 56 0 73.65892379273447 4.9811575851799095 1.0
EDGE: 1070 43 57 0 99.23273121307162 13.509586792261882 1.0
EDGE: 1071 43 58 500 19.295878305879487 9.909362044348159 1.0
EDGE: 1072 43 59 300 12.078700201191303 19.743520042208182 1.0
EDGE: 1073 43 60 300 68.24976953593183 15.43547914553702 1.0
EDGE: 1074 43 61 0 34.7055203146202 8.357353483704202 1.0
EDGE: 1075 43 62 200 95.00538479683047 18.537945316586164 1.0
EDGE: 1076 43 63 500 91.37217846265847 15.11233171315205 1.0
EDGE: 1077 43 64 200 73.65600961811822 4.0753944695710045 1.0
EDGE: 1078 43 65 500 73.95096252045418 15.685820415431742 1.0
EDGE: 1079 43 66 0 11.657337457051387 8.99502653679799 1.0
EDGE: 1080 43 67 100 32.698277038979086 19.447150304417264 1.0
EDGE: 1081 43 68 500 88.3280618061713 11.311667867811883 1.0
EDGE: 1082 43 69 400 23.51042929813084 13.869386842196159 1.0
EDGE: 1083 43 70 200 42.198755173956535 19.77549155283471 1.0
EDGE: 1084 43 71 200 17.015966878889564 4.86999199750915 1.0
EDGE: 1085 43 72 200 23.810564649598373 3.896364959470428 1.0
EDGE: 1086 43 73 300 27.35613619579246 4.123350320270191 1.0
EDGE: 1087 43 74 0 23.06530640129411 11.742795803998733 1.0
EDGE: 1088 43 75 400 11.004999579757769 9.138126866732776 1.0
EDGE: 1089 43 76 0 42.72851228842926 10.683443053164792 1.0
EDGE: 1090 43 77 0 98.48079979853735 7.642424580648853 1.0
EDGE: 1091 43 78 100 62.186992832132674 16.989163553105236 1.0
EDGE: 1092 43 79 200 34.30011161648574 4.569709939035482 1.0
EDGE: 1093 43 80 100 28.06247710065041 1.9635594072679763 1.0
EDGE: 1094 43 81 400 53.026363245954656 17.688478290043374 1.0
EDGE: 1095 43 82 400 40.782895765679 17.020003370212518 1.0
EDGE: 1096 43 83 500 41.76427466807586 11.668625285004964 1.0
EDGE: 1097 43 84 300 28.71286855665637 15.873097511437182 1.0
EDGE: 1098 43 85 400 71.95178025253914 11.127491160642117 1.0
EDGE: 1099 43 86 200 23.94496169859863 15.762547370756058 1.0
EDGE: 1100 43 87 400 95.80101014677102 10.94855404122226 1.0
EDGE: 1101 43 88 100 16.35326784330179 9.377412946496381 1.0
EDGE: 1102 43 89 400 45.23986500706052 9.915730381420142 1.0
EDGE: 1103 43 90 500 95.010880114467 12.89870500661916 1.0
EDGE: 1104 43 91 0 63.705777988052645 4.456260559967418 1.0
EDGE: 1105 43 92 300 78.57282551706096 13.328300096721396 1.0
EDGE: 1106 43 93 100 83.64320191591746 12.03514411509368 1.0
EDGE: 1107 43 94 500 18.72600317993237 1.0221372141424958 1.0
EDGE: 1108 43 95 200 55.05640550333169 8.494092864129946 1.0
EDGE: 1109 43 96 500 13.307717492429372 12.095671928670757 1.0
EDGE: 1110 43 97 400 82.96911586102807 10.377974184134992 1.0
EDGE: 1111 43 98 300 38.194334840232635 15.119548512535001 1.0
EDGE: 1112 43 99 500 24.142601222333617 6.041707741279375 1.0
EDGE: 1113 43 100 400 79.56166271832821 13.273465435494128 1.0
EDGE: 1114 44 47 100 95.90371571274997 14.08059006926309 1.0
EDGE: 1115 44 48 200 60.618583279096015 15.876200025467814 1.0
EDGE: 1116 44 49 100 22.43452086811685 1.3770109923067935 1.0
EDGE: 1117 44 50 500 69.41551528300496 12.959760714030637 1.0
EDGE: 1118 44 51 100 26.37498494629202 5.806535868309463 1.0
EDGE: 1119 44 52 100 66.82927607247323 15.30563818809304 1.0
EDGE: 1120 44 53 0 66.09038881748602 15.396316656785238 1.0
EDGE: 1121 44 54 400 76.325891384847 18.111120328065603 1.0
EDGE: 1122 44 55 300 41.454942830946436 15.478803663756787 1.0
EDGE: 1123 44 56 200 79.60293066002637 17.20364466036764 1.0
EDGE: 1124 44 57 100 23.503203880546884 12.13372705534233 1.0
EDGE: 1125 44 58 400 34.71289755378106 2.4711496655507688 1.0
EDGE: 1126 44 59 200 35.80087015717123 15.961317585676133 1.0
EDGE: 1127 44 60 300 95.76929958038984 9.926403624534528 1.0
EDGE: 1128 44 61 500 17.886477766879494 12.979729826897294 1.0
EDGE: 1129 44 62 0 55.83688435085447 14.573270787053431 1.0
EDGE: 1130 44 63 400 83.635597489866 11.189644283337177 1.0
EDGE: 1131 44 64 200 27.107671024188047 1.9928885901763724 1.0
EDGE: 1132 44 65 400 39.89906725858444 9.099012385445498 1.0
EDGE: 1133 44 66 0 74.96428924846161 10.317721515000047 1.0
EDGE: 1134 44 67 200 33.26684857176644 3.2509149415830905 1.0
EDGE: 1135 44 68 0 55.03222939867562 15.011466583426655 1.0
EDGE: 1136 44 69 200 75.30904041105191 4.54749960039275 1.0
EDGE: 1137 44 70 100 24.822526446424114 8.622768580392822 1.0
EDGE: 1138 44 71 400 89.14564759413676 18.912972290268105 1.0
EDGE: 1139 44 72 100 94.06647925676127 5.4307243918519905 1.0
EDGE: 1140 44 73 200 72.69662707287245 9.58860521585029 1.0
EDGE: 1141 44 74 500 40.34394306993993 9.650140064757478 1.0
EDGE: 1142 44 75 400 86.46380441635743 15.102732839046586 1.0
EDGE: 1143 44 76 300 29.106746672012935 9.614508796026923 1.0
EDGE: 1144 44 77 100 66.19621952672426 12.708705644113367 1.0
EDGE: 1145 44 78 500 19.698843761057997 8.104679543859703 1.0
EDGE: 1146 44 79 0 23.290440854034223 14.833767593417342 1.0
EDGE: 1147 44 80 500 51.474711791538304 8.74118857365794 1.0
EDGE: 1148 44 81 300 48.27744269725294 16.83183004619905 1.0
EDGE: 1149 44 82 100 26.617576287603836 16.108214996699765 1.0
EDGE: 1150 44 83 200 95.24758686937551 8.083104507926867 1.0
EDGE: 1151 44 84 300 58.75904029251867 17.02713671908535 1.0
EDGE: 1152 44 85 500 87.5652771621367 16.233571654079412 1.0
EDGE: 1153 44 86 100 49.0016627468542 10.147650265641984 1.0
EDGE: 1154 44 87 400 97.72485001659908 7.1172460231630845 1.0
EDGE: 1155 44 88 500 53.446048698827404 3.7744267910386755 1.0
EDGE: 1156 44 89 0 16.699259776770887 18.654214530607714 1.0
EDGE: 1157 44 90 200 58.82402129096177 1.59727099870035 1.0
EDGE: 1158 44 91 400 40.633131990830464 18.767407773663898 1.0
EDGE: 1159 44 92 100 55.33944312031592 19.742752306990518 1.0
EDGE: 1160 44 93 0 85.23173039661575 8.111082703628242 1.0
EDGE: 1161 44 94 500 58.31822942381525 12.315274841691327 1.0
EDGE: 1162 44 95 300 40.69741709092648 19.153976343325102 1.0
EDGE: 1163 44 96 500 22.76913208531954 5.345562247618422 1.0
EDGE: 1164 44 97 400 12.565152189849691 9.910105587145345 1.0
EDGE: 1165 44 98 500 67.45685770308212 2.814514413810434 1.0
EDGE: 1166 44 99 100 76.28861717352169 16.36018196303774 1.0
EDGE: 1167 44 100 200 97.58907390380013 12.170417059766606 1.0
EDGE: 1168 45 47 0 85.92849279983555 1.356603228577534 1.0
EDGE: 1169 45 48 500 97.7188664713588 9.507463683709869 1.0
EDGE: 1170 45 49 200 99.79448852100005 1.5549973338763885 1.0
EDGE: 1171 45 50 300 48.96421689917171 11.323562751370147 1.0
EDGE: 1172 45 51 100 28.39266032242925 19.6652884093149 1.0
EDGE: 1173 45 52 200 67.14605824035374 6.52540024334254 1.0
EDGE: 1174 45 53 200 12.529595812958032 7.065245730075624 1.0
EDGE: 1175 45 54 200 30.946475511867494 1.0987220874142862 1.0
EDGE: 1176 45 55 400 91.92501488525086 1.569491968826366 1.0
EDGE: 1177 45 56 300 61.6886038330143 14.611808151086539 1.0
EDGE: 1178 45 57 0 87.18435739932441 14.896936360045661 1.0
EDGE: 1179 45 58 100 88.8397965893807 5.470107558442981 1.0
EDGE: 1180 45 59 400 10.48292967738024 10.129601867727589 1.0
EDGE: 1181 45 60 0 87.83962283758184 10.589998937612538 1.0
EDGE: 1182 45 61 100 82.81313901807609 10.20581325400715 1.0
EDGE: 1183 45 62 400 79.35425886583783 10.90965173322467 1.0
EDGE: 1184 45 63 400 88.14642489880598 3.2407223600559574 1.0
EDGE: 1185 45 64 300 81.55882709075449 7.904950349810988 1.0
EDGE: 1186 45 65 300 67.3614086980429 18.217125464101784 1.0
EDGE: 1187 45 66 200 49.549257263627794 3.0284551371363246 1.0
EDGE: 1188 45 67 400 57.28985518361241 8.339555964412273 1.0
EDGE: 1189 45 68 300 38.48522651940533 13.739364956194594 1.0
EDGE: 1190 45 69 100 22.731973633921235 1.094613339220659 1.0
EDGE: 1191 45 70 500 39.565740501130904 17.542454345925346 1.0
EDGE: 1192 45 71 100 71.7926686018155 9.81049733376971 1.0
EDGE: 1193 45 72 100 40.438908740244244 5.203947905970939 1.0
EDGE: 1194 45 73 0 77.39025276539091 4.258717811040805 1.0
EDGE: 1195 45 74 400 74.1475093826228 6.062309020800062 1.0
EDGE: 1196 45 75 400 10.28922047604117 14.590950773515647 1.0
EDGE: 1197 45 76 100 43.21185687815406 10.101902284613885 1.0
EDGE: 1198 45 77 200 61.508629987336356 10.654004339169155 1.0
EDGE: 1199 45 78 100 27.95158448753227 1.207506893921565 1.0
EDGE: 1200 45 79 300 14.45765341243462 1.4758667362123201 1.0
EDGE: 1201 45 80 100 10.647858576828874 16.76764333998303 1.0
EDGE: 1202 45 81 300 49.64986720405229 6.465806753152028 1.0
EDGE: 1203 45 82 200 39.64763051856036 1.5446871289800224 1.0
EDGE: 1204 45 83 200 57.34783885193459 10.621491772196132 1.0
EDGE: 1205 45 84 200 80.01145322808678 7.479732853040521 1.0
EDGE: 1206 45 85 100 45.989573874672494 1.7860925485215013 1.0
EDGE: 1207 45 86 400 79.80644602584002 3.8501838971488516 1.0
EDGE: 1208 45 87 500 26.748384835778513 2.7483453843135126 1.0
EDGE: 1209 45 88 100 83.64595832354419 10.948030114139433 1.0
EDGE: 1210 45 89 400 27.077743108105523 15.728541567899896 1.0
EDGE: 1211 45 90 200 67.57750978995689 2.1967871956350846 1.0
EDGE: 1212 45 91 400 98.59269322143219 10.543407224152736 1.0
EDGE: 1213 45 92 500 91.92054877711415 12.375063327031558 1.0
EDGE: 1214 45 93 100 27.139353636925286 16.492849250483825 1.0
EDGE: 1215 45 94 400 41.15560465095136 1.3647233153634817 1.0
EDGE: 1216 45 95 500 95.40410725263138 2.7615300599240706 1.0
EDGE: 1217 45 96 300 42.46640329992554 15.59161931717912 1.0
EDGE: 1218 45 97 200 40.91402358861883 15.878244682196673 1.0
EDGE: 1219 45 98 0 67.03648458513659 16.076854533111295 1.0
EDGE: 1220 45 99 200 34.7800790755488 2.526066200178538 1.0
EDGE: 1221 45 100 300 30.701911792693494 19.76655168593149 1.0
EDGE: 1222 46 47 400 59.034738182416014 4.7462284011455615 1.0
EDGE: 1223 46 48 300 23.06161520458415 8.55809477218994 1.0
EDGE: 1224 46 49 200 22.91544772564064 13.328716291710288 1.0
EDGE: 1225 46 50 400 46.64694442609268 15.190808118371999 1.0
EDGE: 1226 46 51 100 10.945634587894519 4.93252981682183 1.0
EDGE: 1227 46 52 500 20.251981644307072 1.9190490175303228 1.0
EDGE: 1228 46 53 100 78.1647397428275 9.228594970762314 1.0
EDGE: 1229 46 54 400 13.026187102999604 7.635675853907682 1.0
EDGE: 1230 46 55 0 20.358854003644144 19.108282968995688 1.0
EDGE: 1231 46 56 200 68.43093902670662 17.863865301850346 1.0
EDGE: 1232 46 57 200 19.64355477636923 17.75051549095103 1.0
EDGE: 1233 46 58 400 79.66152787990198 4.785246027407085 1.0
EDGE: 1234 46 59 0 28.25044419218397 2.0904190691337234 1.0
EDGE: 1235 46 60 400 20.63615713580668 19.22231242808049 1.0
EDGE: 1236 46 61 300 95.86901136900029 19.98249460195895 1.0
EDGE: 1237 46 62 400 49.15353122784911 12.243098721179521 1.0
EDGE: 1238 46 63 0 88.39533728156573 15.101281911463621 1.0
EDGE: 1239 46 64 400 21.3205902343932 18.806069130383293 1.0
EDGE: 1240 46 65 300 58.43924017983301 19.37247300748147 1.0
EDGE: 1241 46 66 300 48.85193643047916 10.613202923793558 1.0
EDGE: 1242 46 67 300 30.441386069857195 2.477458084707301 1.0
EDGE: 1243 46 68 300 63.34253974983687 3.0892369895765452 1.0
EDGE: 1244 46 69 400 55.75196286750678 3.724258622040333 1.0
EDGE: 1245 46 70 0 64.1152599148416 18.155038049103123 1.0
EDGE: 1246 46 71 400 65.52245950305766 17.32782835472886 1.0
EDGE: 1247 46 72 300 48.7447702660155 3.2130712989577708 1.0
EDGE: 1248 46 73 500 61.76211572989628 18.892684274562917 1.0
EDGE: 1249 46 74 400 87.85942842481911 1.51293489206583 1.0
EDGE: 1250 46 75 300 39.410607384729516 12.640836395949512 1.0
EDGE: 1251 46 76 100 38.32267144526175 18.81492945584701 1.0
EDGE: 1252 46 77 400 44.778538887498044 2.6779887770723576 1.0
EDGE: 1253 46 78 400 31.395486623045326 5.019631632961511 1.0
EDGE: 1254 46 79 200 78.20728023574831 5.340976711822904 1.0
EDGE: 1255 46 80 200 14.981516171754876 13.181438152897165 1.0
EDGE: 1256 46 81 100 21.299738386570528 15.419412157021416 1.0
EDGE: 1257 46 82 500 71.55637710966194 14.074052958989755 1.0
EDGE: 1258 46 83 200 61.57361168024644 14.794502452175983 1.0
EDGE: 1259 46 84 500 15.88274450837023 8.225880926343214 1.0
EDGE: 1260 46 85 500 39.88869507048963 2.788013688493055 1.0
EDGE: 1261 46 86 300 39.11276134195893 18.093304800511802 1.0
EDGE: 1262 46 87 200 38.49977878045202 13.264349022145494 1.0
EDGE: 1263 46 88 400 48.379339851659275 3.789802805286614 1.0
EDGE: 1264 46 89 200 50.08674905306665 12.278705219533032 1.0
EDGE: 1265 46 90 300 53.47791967637661 16.538889070328736 1.0
EDGE: 1266 46 91 300 10.61339673452656 11.814280985444766 1.0
EDGE: 1267 46 92 300 14.740244311332312 15.768833619186223 1.0
EDGE: 1268 46 93 500 61.366540347813164 17.90150531649473 1.0
EDGE: 1269 46 94 300 18.701709745749447 15.517137698190849 1.0
EDGE: 1270 46 95 0 28.02700225213401 6.1622524942496355 1.0
EDGE: 1271 46 96 200 50.66386092345383 14.562732086971195 1.0
EDGE: 1272 46 97 0 97.1240130292279 8.57201295134698 1.0
EDGE: 1273 46 98 200 95.75358652455313 5.453864120244767 1.0
EDGE: 1274 46 99 400 12.724590068471663 19.98299129653674 1.0
EDGE: 1275 46 100 400 62.58059106482698 1.3496465825059891 1.0
EOF
