NAME : null
NBR_NODES : 20
NBR_EDGES : 75
T : 157.74197138125254
# NODE: i x_i y_i b_i g_i s_i
# x_i, y_i : x, y of node i
# b_i : demand of node_i, <0 for depot, >0 for client, =0 for platforms
# g_i : cost for using node i, >0 only for platforms
# s_i : time for crossing node _i, >0 only for platforms
NODE: 1 10 10 -9 0.0 0.0
NODE: 2 10 20 -10 0.0 0.0
NODE: 3 10 30 -7 0.0 0.0
NODE: 4 10 40 -10 0.0 0.0
NODE: 5 10 50 -16 0.0 0.0
NODE: 6 10 60 -8 0.0 0.0
NODE: 7 10 70 -29 0.0 0.0
NODE: 8 50 10 0 79.6773642463781 1.0
NODE: 9 50 20 0 37.16397884484508 1.0
NODE: 10 50 30 0 94.48451481692383 1.0
NODE: 11 50 40 0 46.20114158042192 1.0
NODE: 12 50 50 0 26.7173864173116 1.0
NODE: 13 100 10 10 0.0 0.0
NODE: 14 100 20 9 0.0 0.0
NODE: 15 100 30 8 0.0 0.0
NODE: 16 100 40 16 0.0 0.0
NODE: 17 100 50 11 0.0 0.0
NODE: 18 100 60 10 0.0 0.0
NODE: 19 100 70 16 0.0 0.0
NODE: 20 100 80 9 0.0 0.0
# EDGE: k i j u_ij c_ij h_ij t_ij
# i : starting node of edge k
# j : ending node of edge k
# u_ij : capacity of edge (i,j)
# c_ij : fixed cost for the use of (i,j)
# h_ij : unit cost for (i,j)
# t_ij : delivery time for (i,j)
EDGE: 1 1 8 300 21.56756528373967 4.389388093510749 1.0
EDGE: 2 1 9 400 94.23591910270206 15.10547279629569 1.0
EDGE: 3 1 10 500 11.164430620890657 19.799991884105996 1.0
EDGE: 4 1 11 200 94.5259298532469 16.98233757485569 1.0
EDGE: 5 1 12 700 85.04883825179986 13.657174127844787 1.0
EDGE: 6 2 8 200 75.33803907833362 13.079023995368203 1.0
EDGE: 7 2 9 1700 40.71964155389076 4.864043352857324 1.0
EDGE: 8 2 10 1500 78.89898825927207 7.316008280576589 1.0
EDGE: 9 2 11 900 93.4029514118707 11.599910773180495 1.0
EDGE: 10 2 12 1400 64.77161717727668 19.266664450458684 1.0
EDGE: 11 3 8 700 77.77119800081121 13.5963084514327 1.0
EDGE: 12 3 9 100 22.519058849714792 10.284692409219641 1.0
EDGE: 13 3 10 800 22.343465727069244 2.1500094298754187 1.0
EDGE: 14 3 11 200 21.44473930638813 13.780656480408531 1.0
EDGE: 15 3 12 500 40.981180533230486 19.38476206473624 1.0
EDGE: 16 4 8 700 43.07225286248669 12.534350199449527 1.0
EDGE: 17 4 9 300 28.393172782142006 17.023465874917846 1.0
EDGE: 18 4 10 1000 94.52915035251819 3.679710038588395 1.0
EDGE: 19 4 11 600 29.0642237599621 15.682500715284673 1.0
EDGE: 20 4 12 700 43.49873445118138 12.74898948515315 1.0
EDGE: 21 5 8 1900 11.521121024951572 5.449931064771512 1.0
EDGE: 22 5 9 1000 77.90390960377013 12.912923084620132 1.0
EDGE: 23 5 10 2800 52.35031521923237 2.2593021941418083 1.0
EDGE: 24 5 11 300 15.987146493911554 14.303588047236493 1.0
EDGE: 25 5 12 2400 66.88120692299904 14.320751560811336 1.0
EDGE: 26 6 8 900 34.950628017240426 4.056688924420486 1.0
EDGE: 27 6 9 900 45.94916488558832 19.62114809029507 1.0
EDGE: 28 6 10 300 98.82063467715663 11.45998498637815 1.0
EDGE: 29 6 11 300 70.65231158896705 3.2549808513994907 1.0
EDGE: 30 6 12 400 68.70024911176048 7.344572075737801 1.0
EDGE: 31 7 8 2400 29.51613657435627 13.097718986185257 1.0
EDGE: 32 7 9 2900 71.07441017547028 16.605744938887327 1.0
EDGE: 33 7 10 4700 64.98002512007523 7.083355200355377 1.0
EDGE: 34 7 11 4700 92.33140902490982 10.490155065719346 1.0
EDGE: 35 7 12 1100 98.61973923199429 11.097857081631357 1.0
EDGE: 36 8 13 1700 40.16488110189919 5.035984518589074 1.0
EDGE: 37 8 14 900 47.01991774756063 9.250242373920369 1.0
EDGE: 38 8 15 1100 95.02034287723988 17.80285177211721 1.0
EDGE: 39 8 16 1200 22.710680123995523 19.032997237077637 1.0
EDGE: 40 8 17 500 27.25035742297906 14.778172734302188 1.0
EDGE: 41 8 18 200 17.082366513462542 10.633557159092987 1.0
EDGE: 42 8 19 1700 48.14236895966478 3.096690564036596 1.0
EDGE: 43 8 20 1700 24.692491319730347 18.408567710212292 1.0
EDGE: 44 9 13 1700 25.483297822351652 11.959898163297343 1.0
EDGE: 45 9 14 200 60.878968990667424 18.282645230505825 1.0
EDGE: 46 9 15 1400 36.82492191027164 12.892066817543272 1.0
EDGE: 47 9 16 1500 87.09369527606275 4.583357330053939 1.0
EDGE: 48 9 17 1800 36.114140757794964 6.2196047210287535 1.0
EDGE: 49 9 18 1800 60.870495095899614 1.574137206137641 1.0
EDGE: 50 9 19 800 31.852159690984347 11.41046155022662 1.0
EDGE: 51 9 20 1700 79.84156249336878 15.696856044996494 1.0
EDGE: 52 10 13 300 37.446678807979175 7.660296734944578 1.0
EDGE: 53 10 14 300 71.71640985271817 15.285769919078968 1.0
EDGE: 54 10 15 500 66.92112625916954 8.862132828086628 1.0
EDGE: 55 10 16 1300 34.63740558812009 10.26455879397917 1.0
EDGE: 56 10 17 1100 21.64501587153113 5.846211765204684 1.0
EDGE: 57 10 18 1000 54.825966433967515 5.088177595010841 1.0
EDGE: 58 10 19 1700 56.249481333573385 7.5267718757661 1.0
EDGE: 59 10 20 1400 70.93345470903353 1.9412410528825128 1.0
EDGE: 60 11 13 300 54.39206095030204 18.342464994453664 1.0
EDGE: 61 11 14 400 97.01085137877124 7.954652227591454 1.0
EDGE: 62 11 15 700 17.534781831887017 3.1271313928627418 1.0
EDGE: 63 11 16 1900 18.51127875751731 4.9522044989790635 1.0
EDGE: 64 11 17 1200 42.399610149361784 9.297656551426146 1.0
EDGE: 65 11 18 1100 78.23939874787516 15.988869329602933 1.0
EDGE: 66 11 19 1200 25.265342472583434 12.995618856708504 1.0
EDGE: 67 11 20 700 41.66179063389241 8.692487838802577 1.0
EDGE: 68 12 13 200 63.76997599003243 10.56945606604858 1.0
EDGE: 69 12 14 800 93.49235511242894 7.170588261325257 1.0
EDGE: 70 12 15 1100 29.38264938948761 7.5338634468391135 1.0
EDGE: 71 12 16 800 59.966791582387856 9.994048320316057 1.0
EDGE: 72 12 17 1400 46.20918348197628 17.89314704403068 1.0
EDGE: 73 12 18 1300 53.720230915475746 19.51931538657171 1.0
EDGE: 74 12 19 1700 34.2953301118412 1.4652465403205457 1.0
EDGE: 75 12 20 1000 80.6820915152842 17.560912655329236 1.0
EOF
