NAME : null
NBR_NODES : 20
NBR_EDGES : 75
T : 122.96768901280315
# NODE: i x_i y_i b_i g_i s_i
# x_i, y_i : x, y of node i
# b_i : demand of node_i, <0 for depot, >0 for client, =0 for platforms
# g_i : cost for using node i, >0 only for platforms
# s_i : time for crossing node _i, >0 only for platforms
NODE: 1 10 10 -18 0.0 0.0
NODE: 2 10 20 -18 0.0 0.0
NODE: 3 10 30 -16 0.0 0.0
NODE: 4 10 40 -14 0.0 0.0
NODE: 5 10 50 -19 0.0 0.0
NODE: 6 10 60 -12 0.0 0.0
NODE: 7 10 70 -16 0.0 0.0
NODE: 8 50 10 0 16.822571557094072 1.0
NODE: 9 50 20 0 94.95025713765594 1.0
NODE: 10 50 30 0 14.53852855483678 1.0
NODE: 11 50 40 0 69.57018202660258 1.0
NODE: 12 50 50 0 38.66362836920491 1.0
NODE: 13 100 10 11 0.0 0.0
NODE: 14 100 20 9 0.0 0.0
NODE: 15 100 30 9 0.0 0.0
NODE: 16 100 40 7 0.0 0.0
NODE: 17 100 50 6 0.0 0.0
NODE: 18 100 60 11 0.0 0.0
NODE: 19 100 70 12 0.0 0.0
NODE: 20 100 80 48 0.0 0.0
# EDGE: k i j u_ij c_ij h_ij t_ij
# i : starting node of edge k
# j : ending node of edge k
# u_ij : capacity of edge (i,j)
# c_ij : fixed cost for the use of (i,j)
# h_ij : unit cost for (i,j)
# t_ij : delivery time for (i,j)
EDGE: 1 1 8 2700 25.68893021364468 7.978446529334177 1.0
EDGE: 2 1 9 1900 19.081461586113832 10.289683240719263 1.0
EDGE: 3 1 10 1100 45.90074879190718 13.770409904293192 1.0
EDGE: 4 1 11 1400 21.374933155502575 4.671213807363966 1.0
EDGE: 5 1 12 300 22.812727295763874 19.880233760940474 1.0
EDGE: 6 2 8 2500 75.22581629160665 4.014776458686766 1.0
EDGE: 7 2 9 2400 46.44280089577098 11.674716613225 1.0
EDGE: 8 2 10 2100 90.06094696659267 12.32981364074429 1.0
EDGE: 9 2 11 800 27.52143733348601 4.304294019570364 1.0
EDGE: 10 2 12 2800 35.09579429744452 12.282010565065539 1.0
EDGE: 11 3 8 600 57.63557108585014 9.68419547698297 1.0
EDGE: 12 3 9 2600 48.5643953907862 11.169292378494173 1.0
EDGE: 13 3 10 2100 64.78086692246487 8.370556215704024 1.0
EDGE: 14 3 11 2500 35.8927817215054 11.822075152914918 1.0
EDGE: 15 3 12 1500 79.51762246924511 9.827581326098034 1.0
EDGE: 16 4 8 500 38.2611786631031 3.7988678788250856 1.0
EDGE: 17 4 9 1400 19.425622409415993 4.331858587762894 1.0
EDGE: 18 4 10 800 65.5003379070325 17.998317338173464 1.0
EDGE: 19 4 11 500 82.05324253594686 13.509909646697583 1.0
EDGE: 20 4 12 1800 89.76726360183262 7.558788085791455 1.0
EDGE: 21 5 8 1000 69.0561504845551 14.255072088364614 1.0
EDGE: 22 5 9 2600 18.945687255454114 6.666574369474804 1.0
EDGE: 23 5 10 2300 36.72087520983537 9.519813802048938 1.0
EDGE: 24 5 11 2900 31.2165770420162 16.643836076479815 1.0
EDGE: 25 5 12 2000 10.56858465757156 11.229563266005448 1.0
EDGE: 26 6 8 1500 54.74401040485409 4.437351431222417 1.0
EDGE: 27 6 9 1700 34.234379235057176 9.314159555334282 1.0
EDGE: 28 6 10 1800 78.9217110197978 4.3791809384815625 1.0
EDGE: 29 6 11 200 45.317400969898216 5.603005560515102 1.0
EDGE: 30 6 12 400 36.12556492894444 14.84033996840935 1.0
EDGE: 31 7 8 400 83.39709076955738 6.080028076978491 1.0
EDGE: 32 7 9 1300 85.41744306040272 13.14856669179258 1.0
EDGE: 33 7 10 1300 97.91088897824827 2.744531226427247 1.0
EDGE: 34 7 11 700 82.14560672279319 17.891283752795438 1.0
EDGE: 35 7 12 2900 86.08870158515452 19.074040500039406 1.0
EDGE: 36 8 13 1400 99.88706285256605 18.47484958909499 1.0
EDGE: 37 8 14 2500 53.639441362179824 12.835229688267995 1.0
EDGE: 38 8 15 1600 23.677120792486686 14.561185187707396 1.0
EDGE: 39 8 16 1700 33.38495220360619 4.739025863953872 1.0
EDGE: 40 8 17 1000 35.97151804990301 13.752878839785025 1.0
EDGE: 41 8 18 2400 59.53664405077781 8.185985957515975 1.0
EDGE: 42 8 19 800 59.28638089474187 11.647856806097847 1.0
EDGE: 43 8 20 1300 17.810125887067645 5.098034853177131 1.0
EDGE: 44 9 13 700 21.961371823147033 2.13471750184317 1.0
EDGE: 45 9 14 1300 34.073182291154794 8.582666897090657 1.0
EDGE: 46 9 15 1300 45.99130382830337 13.54981782030227 1.0
EDGE: 47 9 16 2100 16.722369634481925 10.925694942323563 1.0
EDGE: 48 9 17 1500 38.37156344607564 19.067212459891678 1.0
EDGE: 49 9 18 2200 50.48357405815914 19.158648396878487 1.0
EDGE: 50 9 19 400 79.90262721087255 11.44253218446811 1.0
EDGE: 51 9 20 900 31.8318254200946 5.196910203712534 1.0
EDGE: 52 10 13 2600 57.89899940776704 4.981902589239947 1.0
EDGE: 53 10 14 1900 18.72569124270745 1.2946869993224914 1.0
EDGE: 54 10 15 1600 71.74789129555298 17.356990859315587 1.0
EDGE: 55 10 16 1300 89.85155893360056 6.312905918880345 1.0
EDGE: 56 10 17 1800 12.762932806395165 12.63727572299517 1.0
EDGE: 57 10 18 1800 61.07311086353336 19.046135550392385 1.0
EDGE: 58 10 19 1300 72.27824829614126 19.660639270157482 1.0
EDGE: 59 10 20 700 59.281321361192255 6.604616153764889 1.0
EDGE: 60 11 13 600 84.42818802150477 17.613365503893252 1.0
EDGE: 61 11 14 1800 96.34027283302382 19.597504149984374 1.0
EDGE: 62 11 15 600 42.55806368199385 2.4406481178844635 1.0
EDGE: 63 11 16 2000 48.32411269155364 5.6134141560019915 1.0
EDGE: 64 11 17 200 10.711157574571043 6.458693924852294 1.0
EDGE: 65 11 18 700 27.740455676531 17.244360314626334 1.0
EDGE: 66 11 19 400 14.137346322843648 19.28952485325635 1.0
EDGE: 67 11 20 900 78.93555526397863 14.649186565260644 1.0
EDGE: 68 12 13 2100 65.26864695024828 9.989558001077288 1.0
EDGE: 69 12 14 200 39.37655075914472 6.402578120199558 1.0
EDGE: 70 12 15 2500 54.10698401423765 7.993074732844307 1.0
EDGE: 71 12 16 2100 72.00608895800302 4.1257541262767345 1.0
EDGE: 72 12 17 1300 64.46951440467961 15.241657317812322 1.0
EDGE: 73 12 18 1200 56.36466787698564 12.144927689454091 1.0
EDGE: 74 12 19 1300 80.03679310077493 1.620699423936319 1.0
EDGE: 75 12 20 1100 98.67597126074301 12.173632817460916 1.0
EOF
