NAME : null
NBR_NODES : 50
NBR_EDGES : 301
T : 160.51911458231737
# NODE: i x_i y_i b_i g_i s_i
# x_i, y_i : x, y of node i
# b_i : demand of node_i, <0 for depot, >0 for client, =0 for platforms
# g_i : cost for using node i, >0 only for platforms
# s_i : time for crossing node _i, >0 only for platforms
NODE: 1 10 10 -13 0.0 0.0
NODE: 2 10 20 -26 0.0 0.0
NODE: 3 10 30 -16 0.0 0.0
NODE: 4 10 40 -22 0.0 0.0
NODE: 5 10 50 -26 0.0 0.0
NODE: 6 10 60 -22 0.0 0.0
NODE: 7 10 70 -22 0.0 0.0
NODE: 8 10 80 -10 0.0 0.0
NODE: 9 10 90 -17 0.0 0.0
NODE: 10 10 100 -20 0.0 0.0
NODE: 11 10 110 -21 0.0 0.0
NODE: 12 10 120 -18 0.0 0.0
NODE: 13 10 130 -23 0.0 0.0
NODE: 14 50 10 0 12.439379200808546 1.0
NODE: 15 50 20 0 33.229250411330895 1.0
NODE: 16 50 30 0 52.976827963292386 1.0
NODE: 17 50 40 0 22.524644215670662 1.0
NODE: 18 50 50 0 46.168418623469805 1.0
NODE: 19 50 60 0 73.86553099549654 1.0
NODE: 20 50 70 0 39.654516977483766 1.0
NODE: 21 100 10 9 0.0 0.0
NODE: 22 100 20 11 0.0 0.0
NODE: 23 100 30 7 0.0 0.0
NODE: 24 100 40 10 0.0 0.0
NODE: 25 100 50 11 0.0 0.0
NODE: 26 100 60 6 0.0 0.0
NODE: 27 100 70 7 0.0 0.0
NODE: 28 100 80 8 0.0 0.0
NODE: 29 100 90 6 0.0 0.0
NODE: 30 100 100 8 0.0 0.0
NODE: 31 100 110 9 0.0 0.0
NODE: 32 100 120 9 0.0 0.0
NODE: 33 100 130 9 0.0 0.0
NODE: 34 100 140 8 0.0 0.0
NODE: 35 100 150 9 0.0 0.0
NODE: 36 100 160 6 0.0 0.0
NODE: 37 100 170 5 0.0 0.0
NODE: 38 100 180 11 0.0 0.0
NODE: 39 100 190 11 0.0 0.0
NODE: 40 100 200 10 0.0 0.0
NODE: 41 100 210 9 0.0 0.0
NODE: 42 100 220 5 0.0 0.0
NODE: 43 100 230 9 0.0 0.0
NODE: 44 100 240 10 0.0 0.0
NODE: 45 100 250 6 0.0 0.0
NODE: 46 100 260 9 0.0 0.0
NODE: 47 100 270 11 0.0 0.0
NODE: 48 100 280 6 0.0 0.0
NODE: 49 100 290 9 0.0 0.0
NODE: 50 100 300 12 0.0 0.0
# EDGE: k i j u_ij c_ij h_ij t_ij
# i : starting node of edge k
# j : ending node of edge k
# u_ij : capacity of edge (i,j)
# c_ij : fixed cost for the use of (i,j)
# h_ij : unit cost for (i,j)
# t_ij : delivery time for (i,j)
EDGE: 1 1 14 300 51.07230110553597 11.903259328868788 1.0
EDGE: 2 1 15 500 77.68079846966943 13.106941459302616 1.0
EDGE: 3 1 16 900 77.95308372393892 18.198678489202365 1.0
EDGE: 4 1 17 300 13.619512833647637 5.936481017935951 1.0
EDGE: 5 1 18 400 68.5887330519437 4.630426314476457 1.0
EDGE: 6 1 19 500 90.7069618713233 7.776912001541728 1.0
EDGE: 7 1 20 100 68.33608475839708 6.254204834421627 1.0
EDGE: 8 2 14 300 48.97743451521467 8.217547274225396 1.0
EDGE: 9 2 15 300 20.849752253023134 2.6084777471559355 1.0
EDGE: 10 2 16 1000 77.32399078579314 12.063112967900208 1.0
EDGE: 11 2 17 1700 18.424242719268705 10.968027332206661 1.0
EDGE: 12 2 18 1700 93.2232126119679 17.469965593901406 1.0
EDGE: 13 2 19 300 51.892340186200485 14.397010483002973 1.0
EDGE: 14 2 20 500 56.41073862066454 2.293919301907012 1.0
EDGE: 15 3 14 1000 84.4938321634257 6.11323798484093 1.0
EDGE: 16 3 15 1700 82.17168439754127 12.5363996617001 1.0
EDGE: 17 3 16 1300 36.628628535089675 18.42538509714509 1.0
EDGE: 18 3 17 1600 42.40999641198117 14.525646642773353 1.0
EDGE: 19 3 18 800 10.90834856636947 9.254860255687689 1.0
EDGE: 20 3 19 200 75.16077070041759 13.219678778918796 1.0
EDGE: 21 3 20 1800 29.420424047964957 16.004049438178797 1.0
EDGE: 22 4 14 2100 25.709673684580906 12.76774416558516 1.0
EDGE: 23 4 15 1000 17.61880583139475 3.282651825566883 1.0
EDGE: 24 4 16 2900 94.98342581073723 8.21697211743922 1.0
EDGE: 25 4 17 2700 71.75529562906036 13.753829540221401 1.0
EDGE: 26 4 18 900 43.37551824356759 12.000948727375967 1.0
EDGE: 27 4 19 1700 79.26561246011052 1.1118844036772328 1.0
EDGE: 28 4 20 1300 80.67113872345972 9.596929729730897 1.0
EDGE: 29 5 14 1500 34.0242203099347 1.9531888835045401 1.0
EDGE: 30 5 15 1300 25.235410436188534 9.488414050500321 1.0
EDGE: 31 5 16 700 70.88199755057096 16.05208233169047 1.0
EDGE: 32 5 17 400 88.12901186941566 15.319794703226655 1.0
EDGE: 33 5 18 500 76.40080218249946 14.303455861948457 1.0
EDGE: 34 5 19 1000 90.31520841478849 18.879805741840624 1.0
EDGE: 35 5 20 2500 15.199003386823039 4.343740507367265 1.0
EDGE: 36 6 14 1700 63.6223911827117 3.300483203166546 1.0
EDGE: 37 6 15 1800 63.82203411885829 12.61202243049868 1.0
EDGE: 38 6 16 2000 78.62616518796005 7.608363988140855 1.0
EDGE: 39 6 17 2800 26.55203590269114 17.363001667589405 1.0
EDGE: 40 6 18 1200 45.11505890387625 4.5146322623491475 1.0
EDGE: 41 6 19 400 50.070645863854224 4.893508694466899 1.0
EDGE: 42 6 20 600 73.30391008381581 13.08093916522531 1.0
EDGE: 43 7 14 300 86.38899648912788 2.994308177838639 1.0
EDGE: 44 7 15 1000 26.45899783592572 17.647616308717463 1.0
EDGE: 45 7 16 1600 75.95899759663764 7.388896979901897 1.0
EDGE: 46 7 17 1700 68.09898188488927 10.160991159635321 1.0
EDGE: 47 7 18 800 55.37994619481639 6.67102224099777 1.0
EDGE: 48 7 19 500 69.43570760733556 2.7865362529272675 1.0
EDGE: 49 7 20 2200 46.61454243058349 12.002636659039744 1.0
EDGE: 50 8 14 400 85.21893710399351 14.444561037906889 1.0
EDGE: 51 8 15 900 57.128359316965756 2.584010703326194 1.0
EDGE: 52 8 16 700 78.64908836461822 1.6551708019426108 1.0
EDGE: 53 8 17 600 92.8668464521695 6.657715342441328 1.0
EDGE: 54 8 18 600 68.52200993170871 12.829209542608973 1.0
EDGE: 55 8 19 300 18.4839187730895 10.558203659076886 1.0
EDGE: 56 8 20 600 94.2698898828512 13.891903163834389 1.0
EDGE: 57 9 14 900 21.736184403726476 1.0686991274768034 1.0
EDGE: 58 9 15 1700 47.06233927820028 15.875926803534453 1.0
EDGE: 59 9 16 1200 31.456898180768256 14.097118501654052 1.0
EDGE: 60 9 17 1100 67.63171603587111 18.870610544850205 1.0
EDGE: 61 9 18 1700 61.023679494104435 10.432742894084184 1.0
EDGE: 62 9 19 1600 73.98676089771104 13.464005761309037 1.0
EDGE: 63 9 20 1200 51.73407498955939 12.095354942191559 1.0
EDGE: 64 10 14 1600 64.67859736662697 19.564527055832844 1.0
EDGE: 65 10 15 200 63.00301482989721 6.53856824126453 1.0
EDGE: 66 10 16 1200 75.78315990186137 14.238891336105874 1.0
EDGE: 67 10 17 1100 58.79623568530879 4.719056040916183 1.0
EDGE: 68 10 18 1300 42.264124381617854 3.953073091496885 1.0
EDGE: 69 10 19 1600 92.21371981998664 16.793410621485098 1.0
EDGE: 70 10 20 1800 16.88038165010083 7.352991893167792 1.0
EDGE: 71 11 14 900 92.63722948096826 17.95434105529782 1.0
EDGE: 72 11 15 600 52.30214223996676 4.471653872222966 1.0
EDGE: 73 11 16 2000 12.35598930861453 19.667935248307334 1.0
EDGE: 74 11 17 800 64.59971107559505 7.999463622214574 1.0
EDGE: 75 11 18 1300 32.084577869993424 5.32370430098449 1.0
EDGE: 76 11 19 1000 18.76901287210157 18.00442672368666 1.0
EDGE: 77 11 20 2500 97.28709243392373 7.059121635678712 1.0
EDGE: 78 12 14 1400 79.45791307047277 6.238961460488869 1.0
EDGE: 79 12 15 1200 59.721662170546296 16.27038582952435 1.0
EDGE: 80 12 16 1200 32.5574264231318 4.920037519005048 1.0
EDGE: 81 12 17 700 11.119335672699153 14.071116344205283 1.0
EDGE: 82 12 18 1400 95.82183057767224 18.619360381588532 1.0
EDGE: 83 12 19 300 58.41146425006942 13.710707269506276 1.0
EDGE: 84 12 20 1800 39.181797560190816 14.650324443107591 1.0
EDGE: 85 13 14 2300 72.41958208296518 11.714054925332187 1.0
EDGE: 86 13 15 2900 37.914558494297545 5.08844407730377 1.0
EDGE: 87 13 16 1300 54.42187585293308 15.254378918243322 1.0
EDGE: 88 13 17 2600 44.33520305784694 10.311993184601164 1.0
EDGE: 89 13 18 1300 77.51033277941006 14.020854054359326 1.0
EDGE: 90 13 19 600 66.17315650611079 2.699562589630461 1.0
EDGE: 91 13 20 1700 42.15255708514053 16.592775111217478 1.0
EDGE: 92 14 21 100 72.29789083643489 9.871258317371145 1.0
EDGE: 93 14 22 200 47.8723927698614 10.081969180778188 1.0
EDGE: 94 14 23 400 68.95795248568399 10.610259883886801 1.0
EDGE: 95 14 24 100 45.46337154873351 10.555177727724587 1.0
EDGE: 96 14 25 200 12.19735039502369 2.3514538447002074 1.0
EDGE: 97 14 26 400 66.64906415587133 15.498124632420328 1.0
EDGE: 98 14 27 900 54.613383480582584 15.873868107029619 1.0
EDGE: 99 14 28 600 10.604382703196114 16.33298995613499 1.0
EDGE: 100 14 29 400 27.11994933288695 9.583614746198181 1.0
EDGE: 101 14 30 800 59.251929058770976 5.7510089538049245 1.0
EDGE: 102 14 31 700 48.88041921858111 17.524073485806422 1.0
EDGE: 103 14 32 200 25.74740407778247 14.371914797889612 1.0
EDGE: 104 14 33 800 41.074127242296136 18.000023157296635 1.0
EDGE: 105 14 34 1100 13.068188073029125 6.991941565809763 1.0
EDGE: 106 14 35 700 82.66053527285132 1.45244721137473 1.0
EDGE: 107 14 36 900 12.119117416365244 5.432109493552993 1.0
EDGE: 108 14 37 300 58.8051516665025 17.970728099653105 1.0
EDGE: 109 14 38 200 51.269549553049494 11.748508057006047 1.0
EDGE: 110 14 39 200 45.13124728651047 8.578949945611551 1.0
EDGE: 111 14 40 100 11.735752719835027 13.316300440770842 1.0
EDGE: 112 14 41 100 13.461442157878242 8.183030127242084 1.0
EDGE: 113 14 42 800 45.7227039315714 14.049161416997421 1.0
EDGE: 114 14 43 500 77.21322570254543 1.8153984826695404 1.0
EDGE: 115 14 44 600 36.73933622102059 2.7658734680404145 1.0
EDGE: 116 14 45 400 87.1124577423508 12.563936975257109 1.0
EDGE: 117 14 46 1000 74.00133546046396 2.465795865131716 1.0
EDGE: 118 14 47 700 20.38894607211156 16.321909146566 1.0
EDGE: 119 14 48 400 65.33548952832385 7.0249288472163345 1.0
EDGE: 120 14 49 200 19.118127003010642 5.245586106554035 1.0
EDGE: 121 14 50 1100 55.499717642019135 15.574286621216922 1.0
EDGE: 122 15 21 700 35.87292925593883 13.556301362164088 1.0
EDGE: 123 15 22 1100 49.33279670187576 18.572306565632122 1.0
EDGE: 124 15 23 700 57.349879120938546 19.073637977783356 1.0
EDGE: 125 15 24 600 51.647858152578905 3.333000289755414 1.0
EDGE: 126 15 25 100 99.13351988632179 18.616479094675167 1.0
EDGE: 127 15 26 500 68.28373725055657 13.52158115003223 1.0
EDGE: 128 15 27 1100 87.26319205422057 10.158636486185772 1.0
EDGE: 129 15 28 400 15.228208681198229 16.879272318670658 1.0
EDGE: 130 15 29 400 34.766243993380755 18.37577246255332 1.0
EDGE: 131 15 30 200 45.22718303822342 5.1890236357770965 1.0
EDGE: 132 15 31 600 43.82174033307812 19.970339569832674 1.0
EDGE: 133 15 32 1100 23.793940353896105 14.2438536559419 1.0
EDGE: 134 15 33 300 46.718725008474266 9.911253538324214 1.0
EDGE: 135 15 34 900 59.03244367644359 3.3295325216145932 1.0
EDGE: 136 15 35 700 31.273090838589376 17.47501727165194 1.0
EDGE: 137 15 36 600 52.18878675515152 13.48332844444015 1.0
EDGE: 138 15 37 500 78.86715479200178 18.725019400857683 1.0
EDGE: 139 15 38 600 38.34489057858488 2.5405347009450914 1.0
EDGE: 140 15 39 100 15.77595125886798 19.81571910753246 1.0
EDGE: 141 15 40 800 49.1684310773154 13.730496101597131 1.0
EDGE: 142 15 41 700 30.944341813820905 1.258443430011352 1.0
EDGE: 143 15 42 300 52.13313888814312 9.333854246164679 1.0
EDGE: 144 15 43 800 35.87899737423682 7.035509747580167 1.0
EDGE: 145 15 44 400 93.12347561941695 16.662727551618197 1.0
EDGE: 146 15 45 1000 64.8193049703229 2.1993955514503707 1.0
EDGE: 147 15 46 600 71.83778392854558 3.3755497538917094 1.0
EDGE: 148 15 47 100 75.8512610664861 1.3436742845748495 1.0
EDGE: 149 15 48 1100 41.90395943719962 5.888282728185502 1.0
EDGE: 150 15 49 900 56.128440530809506 6.082432988814653 1.0
EDGE: 151 15 50 100 60.121710279341166 13.393720392637666 1.0
EDGE: 152 16 21 300 96.86406362951381 16.424893231188786 1.0
EDGE: 153 16 22 1100 71.74545566034232 7.75060647653614 1.0
EDGE: 154 16 23 600 36.25825349599117 5.6819557192313175 1.0
EDGE: 155 16 24 200 71.22195805607566 13.254282493215786 1.0
EDGE: 156 16 25 800 91.02453528503615 19.29138144196491 1.0
EDGE: 157 16 26 800 80.29670757317872 15.050584876664285 1.0
EDGE: 158 16 27 1000 49.67964196921871 11.698335267395255 1.0
EDGE: 159 16 28 500 47.903156452135484 8.704711444129273 1.0
EDGE: 160 16 29 100 23.260681340784842 9.17800270962011 1.0
EDGE: 161 16 30 300 68.74884838591558 11.186774020335001 1.0
EDGE: 162 16 31 500 11.633748622045662 13.237009052361069 1.0
EDGE: 163 16 32 1100 80.01251314317201 1.285756394673753 1.0
EDGE: 164 16 33 900 66.05801577831126 13.980347153619821 1.0
EDGE: 165 16 34 400 18.06617452149844 9.213597986006029 1.0
EDGE: 166 16 35 200 61.16938394798709 12.580545241682527 1.0
EDGE: 167 16 36 700 89.63636558907668 9.911119696775211 1.0
EDGE: 168 16 37 400 92.04775757653161 13.735781451857108 1.0
EDGE: 169 16 38 800 24.318475770886124 1.3175130388758287 1.0
EDGE: 170 16 39 300 14.531992470727898 10.753675140117837 1.0
EDGE: 171 16 40 200 67.85831233841742 7.615108305175971 1.0
EDGE: 172 16 41 1100 89.44658910046087 9.647464978945733 1.0
EDGE: 173 16 42 200 18.114943103854152 18.21114386006023 1.0
EDGE: 174 16 43 400 33.904196104945626 10.381295802560356 1.0
EDGE: 175 16 44 200 98.11887404391794 10.968252747576768 1.0
EDGE: 176 16 45 100 15.347974543478692 1.1513365226412298 1.0
EDGE: 177 16 46 400 13.139621278266103 3.945385717773285 1.0
EDGE: 178 16 47 600 36.49789924704592 7.339439332168922 1.0
EDGE: 179 16 48 1100 31.176753255861325 8.66089324005183 1.0
EDGE: 180 16 49 1000 31.865047140306714 13.52606888873037 1.0
EDGE: 181 16 50 900 28.788443128187335 9.639477252026428 1.0
EDGE: 182 17 21 400 48.99794956084039 18.699211836479527 1.0
EDGE: 183 17 22 700 26.671627949849942 4.754739034861296 1.0
EDGE: 184 17 23 900 90.12505241020428 14.545992385316293 1.0
EDGE: 185 17 24 1100 91.9078032860489 12.629039767575929 1.0
EDGE: 186 17 25 800 22.357368539764046 4.463704164913731 1.0
EDGE: 187 17 26 200 26.288527739235843 15.102390100461554 1.0
EDGE: 188 17 27 600 77.11535882977098 14.676987894304393 1.0
EDGE: 189 17 28 500 92.63471626586261 16.532089122243107 1.0
EDGE: 190 17 29 500 51.944136422930725 15.597864943094748 1.0
EDGE: 191 17 30 700 93.52375723295225 7.434833449523253 1.0
EDGE: 192 17 31 1100 30.38102319486323 18.31534740667353 1.0
EDGE: 193 17 32 1100 79.33853007374044 4.733011575384316 1.0
EDGE: 194 17 33 500 58.03954956993717 7.851348219780968 1.0
EDGE: 195 17 34 400 45.052394031388694 3.616904630367872 1.0
EDGE: 196 17 35 100 15.573932799849072 6.569603012459794 1.0
EDGE: 197 17 36 600 47.664189310748 3.7845125148556584 1.0
EDGE: 198 17 37 100 51.68812950729589 14.87432765743804 1.0
EDGE: 199 17 38 200 38.69733789098056 11.570719902703047 1.0
EDGE: 200 17 39 900 71.85349023603658 18.085327035112375 1.0
EDGE: 201 17 40 300 78.6770819662568 19.22753084285994 1.0
EDGE: 202 17 41 800 40.89910443361681 6.126278257376833 1.0
EDGE: 203 17 42 600 92.99993720905154 5.367075841752993 1.0
EDGE: 204 17 43 500 90.13888171296296 14.412898921829612 1.0
EDGE: 205 17 44 600 61.1094289981082 5.329125674044207 1.0
EDGE: 206 17 45 900 72.19944776083577 9.077729158482983 1.0
EDGE: 207 17 46 400 23.39215728963881 19.98481792795529 1.0
EDGE: 208 17 47 100 29.212893363275217 14.418239597680351 1.0
EDGE: 209 17 48 200 32.708257603276195 11.23832642750295 1.0
EDGE: 210 17 49 600 92.53847570314662 11.20498397051229 1.0
EDGE: 211 17 50 100 19.97033665840707 9.238179396273388 1.0
EDGE: 212 18 21 900 64.67729229500866 13.236519653757036 1.0
EDGE: 213 18 22 400 15.684914593132614 19.05995834537468 1.0
EDGE: 214 18 23 1000 36.54402201854785 12.277809349757094 1.0
EDGE: 215 18 24 200 21.870478453023065 8.372086522976929 1.0
EDGE: 216 18 25 100 85.75977842623325 18.268829336672848 1.0
EDGE: 217 18 26 200 21.266156753688904 15.34643027285589 1.0
EDGE: 218 18 27 900 94.13015302262968 8.440093657377048 1.0
EDGE: 219 18 28 900 93.24513120372316 2.8254333226715787 1.0
EDGE: 220 18 29 100 24.972486314948444 2.7218240708229717 1.0
EDGE: 221 18 30 200 88.34680142700783 1.5074961660759527 1.0
EDGE: 222 18 31 200 33.45646243718473 12.583473860100893 1.0
EDGE: 223 18 32 600 45.841808712655094 6.662327778993825 1.0
EDGE: 224 18 33 200 75.6220604535549 14.19033319760021 1.0
EDGE: 225 18 34 700 41.24393530212858 9.637981975732165 1.0
EDGE: 226 18 35 500 54.23893199204478 6.513929116127865 1.0
EDGE: 227 18 36 700 63.1829872534722 18.17130182311402 1.0
EDGE: 228 18 37 100 32.17128726409702 10.782940566787916 1.0
EDGE: 229 18 38 500 91.55268745047543 19.26348455985334 1.0
EDGE: 230 18 39 500 66.41232626418781 5.411347699597209 1.0
EDGE: 231 18 40 900 31.347661986269372 14.132494261514694 1.0
EDGE: 232 18 41 900 48.45228982924654 4.2905337242264725 1.0
EDGE: 233 18 42 200 79.10357129961578 12.504033990469072 1.0
EDGE: 234 18 43 700 49.144189479892944 16.082058345280863 1.0
EDGE: 235 18 44 700 51.35446057620396 11.252800282797754 1.0
EDGE: 236 18 45 200 68.73128871178841 6.897820421704061 1.0
EDGE: 237 18 46 1100 97.02137609935222 6.155733268726779 1.0
EDGE: 238 18 47 900 95.20037521306102 12.504331534379507 1.0
EDGE: 239 18 48 400 18.146328097398886 14.26899108254633 1.0
EDGE: 240 18 49 100 46.624918804325006 18.937815138731317 1.0
EDGE: 241 18 50 500 25.885636713895597 13.190356054595204 1.0
EDGE: 242 19 21 600 95.662145860075 14.166852278593264 1.0
EDGE: 243 19 22 600 21.17676377611271 12.218800350337553 1.0
EDGE: 244 19 23 800 96.8681162907965 10.189293492784396 1.0
EDGE: 245 19 24 600 91.99264754195383 19.172922371259823 1.0
EDGE: 246 19 25 400 99.99484658506573 10.700155484122233 1.0
EDGE: 247 19 26 900 81.59763572471448 13.379981724176181 1.0
EDGE: 248 19 27 900 84.93356297932377 18.217216661431898 1.0
EDGE: 249 19 28 400 64.71905878621547 2.0972388359121625 1.0
EDGE: 250 19 29 200 46.46812624294082 8.301038476382894 1.0
EDGE: 251 19 30 700 81.04853410388036 14.377333673323285 1.0
EDGE: 252 19 31 1100 49.50269672355411 12.256123126686132 1.0
EDGE: 253 19 32 200 17.987018191853608 5.139406672836761 1.0
EDGE: 254 19 33 700 77.92772338508739 17.44993355655575 1.0
EDGE: 255 19 34 500 17.04771836884928 7.957693083569263 1.0
EDGE: 256 19 35 200 62.788275192015966 7.136489015627873 1.0
EDGE: 257 19 36 200 90.83088708779708 5.829301330943602 1.0
EDGE: 258 19 37 700 47.91882606492811 10.421256869482699 1.0
EDGE: 259 19 38 100 89.98459355616873 19.932898252756367 1.0
EDGE: 260 19 39 900 23.708519137021327 18.754059726964353 1.0
EDGE: 261 19 40 1000 12.065509943649467 9.14001903423202 1.0
EDGE: 262 19 41 200 62.16098733841952 10.086719285250057 1.0
EDGE: 263 19 42 400 36.713780654499445 13.79071973937938 1.0
EDGE: 264 19 43 300 58.91280230605492 3.582147039518083 1.0
EDGE: 265 19 44 500 54.05605420606175 12.995292388601484 1.0
EDGE: 266 19 45 1000 30.374590424522474 15.511612459633064 1.0
EDGE: 267 19 46 700 95.75072003922402 14.473761187679896 1.0
EDGE: 268 19 47 200 46.6589074416658 19.726896940404732 1.0
EDGE: 269 19 48 100 40.58941169737965 7.694876035936577 1.0
EDGE: 270 19 49 400 73.45890040601864 1.844058890080475 1.0
EDGE: 271 19 50 400 49.068863626696256 4.826327722696737 1.0
EDGE: 272 20 21 900 18.541853063726855 11.0255257663625 1.0
EDGE: 273 20 22 600 53.84715285938625 18.757897683952024 1.0
EDGE: 274 20 23 400 31.02166022588095 3.997232620607647 1.0
EDGE: 275 20 24 700 75.49840948002587 3.2092643218099344 1.0
EDGE: 276 20 25 800 44.07427695246527 2.6875247997940566 1.0
EDGE: 277 20 26 500 95.48005328815522 12.684183147020772 1.0
EDGE: 278 20 27 500 94.2602557896316 8.624547905938572 1.0
EDGE: 279 20 28 200 40.72661172345907 8.782761189996718 1.0
EDGE: 280 20 29 500 93.11837297950223 14.978834593570244 1.0
EDGE: 281 20 30 1100 96.78418652504446 17.133543648419472 1.0
EDGE: 282 20 31 900 89.19444682092617 5.887818807678478 1.0
EDGE: 283 20 32 900 58.89964363713047 13.95712939470318 1.0
EDGE: 284 20 33 1000 11.16940743844019 8.448985768691934 1.0
EDGE: 285 20 34 500 52.978563657814654 9.023038549167296 1.0
EDGE: 286 20 35 900 65.25065341208014 1.5183842016368074 1.0
EDGE: 287 20 36 500 30.826033378201767 17.511545203160274 1.0
EDGE: 288 20 37 200 12.49079274677307 3.2012120888122357 1.0
EDGE: 289 20 38 300 56.58434990672433 17.04220118764835 1.0
EDGE: 290 20 39 1100 74.19780564561243 17.671204000302833 1.0
EDGE: 291 20 40 100 93.78165556458092 9.880761848094865 1.0
EDGE: 292 20 41 1100 26.100707119731048 1.7055285920064862 1.0
EDGE: 293 20 42 800 94.90563740848145 11.086238163972983 1.0
EDGE: 294 20 43 900 84.43476098067205 16.071923617692256 1.0
EDGE: 295 20 44 500 47.9162767095649 16.109791694617527 1.0
EDGE: 296 20 45 600 99.61030782527018 9.654780866914388 1.0
EDGE: 297 20 46 300 16.611781574126322 6.107192301366821 1.0
EDGE: 298 20 47 1100 75.62928471048183 18.95690568563761 1.0
EDGE: 299 20 48 200 54.26169138778011 15.976555835505367 1.0
EDGE: 300 20 49 800 15.91347565884712 12.36366306671674 1.0
EDGE: 301 20 50 600 72.42130035029359 9.883080184786953 1.0
EOF
