NAME : null
NBR_NODES : 20
NBR_EDGES : 75
T : 161.3580248201983
# NODE: i x_i y_i b_i g_i s_i
# x_i, y_i : x, y of node i
# b_i : demand of node_i, <0 for depot, >0 for client, =0 for platforms
# g_i : cost for using node i, >0 only for platforms
# s_i : time for crossing node _i, >0 only for platforms
NODE: 1 10 10 -10 0.0 0.0
NODE: 2 10 20 -16 0.0 0.0
NODE: 3 10 30 -15 0.0 0.0
NODE: 4 10 40 -9 0.0 0.0
NODE: 5 10 50 -18 0.0 0.0
NODE: 6 10 60 -24 0.0 0.0
NODE: 7 50 10 0 92.94982000792714 1.0
NODE: 8 50 20 0 23.706299412798337 1.0
NODE: 9 50 30 0 10.705487635340939 1.0
NODE: 10 50 40 0 97.21231674226422 1.0
NODE: 11 50 50 0 27.09035324094622 1.0
NODE: 12 100 10 15 0.0 0.0
NODE: 13 100 20 10 0.0 0.0
NODE: 14 100 30 8 0.0 0.0
NODE: 15 100 40 9 0.0 0.0
NODE: 16 100 50 8 0.0 0.0
NODE: 17 100 60 13 0.0 0.0
NODE: 18 100 70 6 0.0 0.0
NODE: 19 100 80 8 0.0 0.0
NODE: 20 100 90 15 0.0 0.0
# EDGE: k i j u_ij c_ij h_ij t_ij
# i : starting node of edge k
# j : ending node of edge k
# u_ij : capacity of edge (i,j)
# c_ij : fixed cost for the use of (i,j)
# h_ij : unit cost for (i,j)
# t_ij : delivery time for (i,j)
EDGE: 1 1 7 600 90.6654721356039 1.416600684808719 1.0
EDGE: 2 1 8 800 39.37585490021162 10.058156030142978 1.0
EDGE: 3 1 9 300 87.51021862089031 17.227672312335237 1.0
EDGE: 4 1 10 1900 43.372957229451224 9.489619922526066 1.0
EDGE: 5 1 11 1700 43.92016640650572 11.220970848131998 1.0
EDGE: 6 2 7 900 86.48718869577796 15.634448186782846 1.0
EDGE: 7 2 8 500 81.87002823164988 8.289593453797135 1.0
EDGE: 8 2 9 2500 61.19382900285886 5.907044677802641 1.0
EDGE: 9 2 10 1000 86.47226883744148 18.402016964014038 1.0
EDGE: 10 2 11 400 88.79494430639188 10.622302540861977 1.0
EDGE: 11 3 7 700 28.67552367539175 7.314196098995946 1.0
EDGE: 12 3 8 2000 80.25165270746042 13.346590741663743 1.0
EDGE: 13 3 9 1600 64.74828337127597 7.1990764115170975 1.0
EDGE: 14 3 10 1500 68.89932003103436 9.16419718109929 1.0
EDGE: 15 3 11 400 90.86817576992786 19.62712592972581 1.0
EDGE: 16 4 7 500 59.61600581284044 18.167839469370666 1.0
EDGE: 17 4 8 300 73.6371535818777 14.081468293560667 1.0
EDGE: 18 4 9 300 51.514462318742446 8.231826758928484 1.0
EDGE: 19 4 10 500 69.84289062361267 6.941221770648168 1.0
EDGE: 20 4 11 800 13.728012554824623 8.876467997588133 1.0
EDGE: 21 5 7 500 41.286714118395274 1.6166279404302775 1.0
EDGE: 22 5 8 2200 66.36060942176651 18.782324298943966 1.0
EDGE: 23 5 9 2500 42.99836867334351 12.26957202586272 1.0
EDGE: 24 5 10 1000 61.17139459562771 17.262893005587507 1.0
EDGE: 25 5 11 2300 35.65794811688822 18.303083332946432 1.0
EDGE: 26 6 7 2200 29.064062641392045 14.75432298254268 1.0
EDGE: 27 6 8 3600 35.54527136629576 5.553412256552843 1.0
EDGE: 28 6 9 3800 13.951350953046529 6.130752821694014 1.0
EDGE: 29 6 10 800 77.83705929649119 7.868276701197363 1.0
EDGE: 30 6 11 2700 85.06495767378325 18.40386285939795 1.0
EDGE: 31 7 12 1500 31.572189450422627 10.504869703707694 1.0
EDGE: 32 7 13 1700 82.28122629501043 12.115239907665728 1.0
EDGE: 33 7 14 900 47.10535806955939 18.531228892298078 1.0
EDGE: 34 7 15 1600 21.532856842968666 8.480142911448464 1.0
EDGE: 35 7 16 1400 99.36945377740696 9.164549235040816 1.0
EDGE: 36 7 17 1900 39.877019232012884 2.0912699895842133 1.0
EDGE: 37 7 18 700 82.7669636774522 4.730048064347026 1.0
EDGE: 38 7 19 400 42.2901414338486 2.741113514766248 1.0
EDGE: 39 7 20 500 46.01072223339201 13.673962556398655 1.0
EDGE: 40 8 12 700 44.75968299821424 3.671501000432796 1.0
EDGE: 41 8 13 1900 87.73430558814823 9.814282565019402 1.0
EDGE: 42 8 14 1600 70.74323698228523 1.3089168020383184 1.0
EDGE: 43 8 15 1700 86.1924011355371 10.762805359172987 1.0
EDGE: 44 8 16 300 10.565241990544267 6.294192349773306 1.0
EDGE: 45 8 17 400 88.87145298943925 17.20211558825948 1.0
EDGE: 46 8 18 600 55.821629277482884 9.36516770604943 1.0
EDGE: 47 8 19 400 50.33088164838306 16.451072069762027 1.0
EDGE: 48 8 20 500 93.36272751856606 3.4009080595471204 1.0
EDGE: 49 9 12 900 59.09524622616453 11.502406563708147 1.0
EDGE: 50 9 13 1800 65.92470929813749 15.686078940069606 1.0
EDGE: 51 9 14 1300 56.91757043290739 3.4660196675236783 1.0
EDGE: 52 9 15 1800 88.97992673013086 14.204064756927712 1.0
EDGE: 53 9 16 1700 56.234248286396905 12.101573757985369 1.0
EDGE: 54 9 17 1400 35.87642093081678 12.517432038561944 1.0
EDGE: 55 9 18 200 84.13175006753855 14.8739719359981 1.0
EDGE: 56 9 19 1000 35.836931972330945 18.544324382663653 1.0
EDGE: 57 9 20 1300 93.64550493719206 12.715321343731325 1.0
EDGE: 58 10 12 1600 21.88772018775102 9.289389503574595 1.0
EDGE: 59 10 13 1000 15.711244430696278 17.42696938515768 1.0
EDGE: 60 10 14 1300 88.2875113748706 4.3378269433980625 1.0
EDGE: 61 10 15 1100 57.589114180453166 7.405211644211372 1.0
EDGE: 62 10 16 900 19.526864028944786 11.671151878964755 1.0
EDGE: 63 10 17 1000 26.080893738723326 17.124261305658663 1.0
EDGE: 64 10 18 800 65.46829998530274 4.113270527577116 1.0
EDGE: 65 10 19 700 76.36060838167249 17.560078165092843 1.0
EDGE: 66 10 20 400 19.697483861608877 13.465458761527477 1.0
EDGE: 67 11 12 200 89.73885466191078 9.488644060364347 1.0
EDGE: 68 11 13 1000 70.65578262238434 16.138835612165884 1.0
EDGE: 69 11 14 1200 36.18116315314684 15.342286633006317 1.0
EDGE: 70 11 15 800 77.62449669054052 10.842933324346149 1.0
EDGE: 71 11 16 1600 99.90069534376534 2.057639242893409 1.0
EDGE: 72 11 17 800 66.1311066690293 9.638947856169295 1.0
EDGE: 73 11 18 1800 88.84560013460683 19.0988339900581 1.0
EDGE: 74 11 19 700 79.84781167465978 10.416270493925742 1.0
EDGE: 75 11 20 1600 11.401320862788074 4.5895192059280605 1.0
EOF
